10000
365 914
415 451
504 241
698 108
209 66
830 976
574 962
529 569
768 927
229 127
646 717
810 304
195 803
816 527
981 661
628 473
688 83
443 996
578 369
605 497
136 240
524 51
489 109
254 608
633 536
982 192
993 904
274 876
245 286
753 448
262 999
875 876
177 142
989 927
727 505
492 213
271 786
834 324
241 664
72 617
364 15
907 280
867 694
442 115
442 320
30 234
696 862
18 92
960 395
286 365
64 127
447 193
181 599
329 632
862 413
423 731
929 740
402 982
411 832
761 318
348 27
304 812
730 218
244 538
381 594
133 766
531 317
45 861
420 25
984 458
216 203
237 111
280 375
508 227
139 428
240 572
738 974
870 519
414 331
527 118
696 475
811 65
905 217
422 432
219 391
648 224
768 17
999 708
282 961
904 350
90 195
142 990
836 945
666 794
859 602
99 295
449 222
167 767
794 805
971 915
562 937
880 458
812 369
455 963
85 288
679 328
440 141
988 172
82 708
801 790
777 957
217 22
561 235
763 87
407 656
644 805
577 655
809 97
710 138
141 644
218 901
96 312
661 875
89 45
133 711
493 762
712 461
929 346
238 362
28 578
782 410
344 391
449 753
507 253
420 36
81 238
730 720
756 95
593 371
782 258
91 386
902 375
808 475
2 732
602 436
36 271
793 843
304 217
736 119
453 677
272 607
90 25
347 418
434 109
908 134
659 250
45 845
60 701
273 957
69 275
755 967
35 767
374 259
780 386
751 857
999 226
120 227
776 78
551 649
851 425
110 573
871 254
531 953
637 451
915 237
945 256
483 685
376 609
831 330
282 258
254 288
907 467
958 872
4 725
964 519
295 292
767 855
59 525
766 252
484 977
606 401
7 283
320 836
124 214
299 560
349 682
990 714
342 305
841 350
662 549
732 810
765 61
815 51
886 808
484 503
87 809
586 211
422 219
484 278
447 174
746 517
771 602
381 120
347 356
888 533
661 695
678 524
902 797
487 531
577 638
103 451
575 344
160 722
615 184
174 922
152 720
971 905
669 145
69 475
136 107
357 894
170 563
610 180
449 131
917 30
843 344
485 518
715 393
230 54
34 627
38 591
223 725
608 957
882 304
677 193
565 150
799 271
684 576
15 210
327 944
770 812
421 510
480 114
219 401
534 694
382 716
940 327
517 468
120 271
43 23
276 140
899 791
366 33
884 182
367 725
631 916
543 276
839 743
615 325
369 995
638 732
155 410
192 385
834 102
571 281
807 805
388 395
274 971
42 685
81 854
353 127
330 438
98 656
648 676
705 993
923 669
176 783
643 926
322 469
77 722
625 249
855 178
748 789
233 741
411 25
4 320
341 727
32 775
901 15
656 196
408 637
977 559
914 599
620 808
842 267
559 529
243 41
658 927
308 836
496 90
122 223
245 99
451 285
752 598
175 482
929 520
203 992
340 979
918 997
654 783
944 683
999 899
983 583
177 860
3 727
889 653
653 277
115 504
484 81
146 220
584 551
624 816
714 780
155 878
851 159
338 443
804 301
526 847
774 637
396 344
451 406
409 932
621 485
951 334
454 307
48 360
783 783
856 579
317 400
512 82
209 798
519 102
278 921
372 29
840 98
626 468
716 265
467 607
170 278
648 182
362 604
159 147
566 338
527 561
300 236
368 127
88 994
838 629
975 328
480 279
774 622
131 879
612 680
341 231
813 152
591 896
121 130
594 813
556 441
333 771
935 120
325 117
647 196
959 850
181 752
898 66
694 768
737 482
404 939
719 300
124 435
955 883
161 958
103 301
441 914
995 9
246 100
159 867
648 146
569 453
170 642
316 201
394 394
58 973
804 82
698 413
281 55
173 39
596 377
614 891
277 182
953 98
402 440
54 297
683 653
845 846
892 127
363 506
424 955
198 535
972 597
14 347
58 540
469 285
984 425
160 808
952 502
742 655
89 85
528 272
174 430
290 460
285 853
778 837
474 739
286 912
821 188
810 749
529 178
90 101
871 288
949 148
883 425
387 15
140 729
584 760
146 716
665 287
499 382
238 531
527 867
241 105
941 240
103 444
901 697
540 686
247 436
596 182
924 638
167 75
676 749
556 672
687 350
217 40
368 488
762 260
703 57
776 906
142 655
84 128
678 585
349 569
90 719
589 55
156 895
691 755
959 274
957 489
486 774
755 759
475 933
76 407
649 862
323 594
214 250
818 672
964 698
602 766
55 272
826 551
332 547
518 998
239 342
938 706
61 27
111 203
84 924
780 228
383 898
873 10
863 826
80 820
694 493
110 316
782 142
609 165
730 242
305 4
515 747
59 852
533 677
140 461
443 885
347 85
520 150
675 250
311 630
447 494
406 952
239 51
591 363
650 193
767 764
428 767
698 191
522 702
87 428
419 340
247 687
193 815
972 664
536 432
696 357
975 483
468 965
613 828
554 646
766 412
924 192
54 532
150 900
164 601
505 816
387 977
642 420
605 597
19 90
985 935
905 457
823 758
542 946
649 991
423 991
716 470
976 977
375 574
750 9
4 837
405 441
669 227
756 387
280 13
774 138
877 693
738 825
328 388
197 217
19 675
934 238
134 654
602 396
609 722
290 406
928 569
234 503
984 739
163 876
786 823
411 890
789 899
747 268
697 392
297 856
418 345
503 819
825 893
548 794
993 299
546 890
232 902
40 34
541 721
888 320
401 660
475 488
857 0
932 884
315 424
770 81
566 648
298 774
703 58
853 347
794 647
742 783
621 43
166 666
571 100
475 437
976 332
342 910
472 5
509 680
437 780
449 171
745 561
168 896
392 358
693 367
530 902
318 548
671 841
862 328
331 365
845 92
69 750
917 731
51 177
142 880
496 629
692 6
184 316
175 959
83 945
540 927
281 690
162 169
133 855
903 850
869 259
204 669
113 539
774 127
569 37
711 924
28 83
693 297
446 168
600 652
449 842
2 769
616 960
682 310
632 214
665 825
720 551
905 233
179 890
19 802
955 896
312 469
280 893
778 590
113 165
940 416
498 17
983 398
895 386
894 620
735 758
124 982
213 32
53 294
515 708
354 364
232 91
257 617
604 684
341 260
489 613
137 369
413 8
219 687
501 200
639 657
115 430
88 111
467 519
735 118
243 769
853 717
913 982
539 457
762 487
68 284
743 69
353 617
18 828
814 875
74 890
363 502
84 118
430 606
627 620
414 879
889 24
115 365
766 184
668 525
151 743
785 700
459 656
963 710
315 600
168 961
48 967
803 915
665 815
388 690
788 198
612 275
621 529
108 644
118 106
302 38
582 300
379 149
84 515
559 418
405 850
818 851
877 735
376 873
218 689
267 650
679 373
992 376
784 517
631 723
553 411
847 498
268 645
106 871
787 513
412 724
570 746
362 512
273 987
945 566
513 780
972 912
212 59
970 312
826 860
86 368
681 324
161 787
68 370
982 170
295 840
548 59
498 633
929 744
741 75
357 636
259 70
469 427
626 725
409 354
906 837
704 412
131 556
315 535
708 317
695 951
57 944
670 73
981 726
88 411
40 838
910 170
507 882
96 283
650 30
855 758
752 137
13 288
562 612
596 360
628 355
229 180
617 298
234 629
522 883
934 513
724 677
115 543
478 246
251 96
571 492
371 996
574 552
677 258
651 484
742 21
606 839
400 427
238 630
840 39
961 133
626 346
598 247
699 973
575 66
168 386
166 351
933 756
913 585
425 188
105 491
704 565
823 758
856 858
976 227
608 367
83 150
462 806
264 461
608 499
300 120
678 969
2 408
734 638
492 76
815 4
650 674
650 954
410 211
845 707
144 866
338 821
776 246
33 389
578 558
697 305
333 357
212 493
672 183
484 298
669 42
776 4
270 168
196 363
596 468
216 805
846 882
815 129
639 909
298 887
187 963
342 790
227 907
732 974
791 523
504 0
212 907
764 11
279 526
174 184
792 977
879 48
977 100
501 932
609 962
51 460
228 732
135 108
710 466
101 957
464 764
170 528
530 502
372 985
938 699
400 25
508 291
579 467
154 368
613 388
565 709
147 869
165 336
813 90
917 210
711 888
891 804
771 115
439 996
254 717
73 288
602 710
200 370
893 624
552 93
280 802
492 23
274 168
413 112
630 249
321 186
858 513
223 24
809 975
394 36
668 65
532 756
28 511
197 349
763 678
372 403
380 999
318 488
488 15
252 347
523 383
873 546
366 406
173 835
774 470
492 375
165 484
187 824
839 916
771 469
199 157
606 524
243 481
842 559
677 664
148 426
180 437
862 923
891 513
476 435
64 246
4 404
968 30
165 932
945 862
761 913
40 653
197 629
412 970
272 333
26 437
658 916
202 107
520 285
225 840
125 48
601 865
75 692
527 56
154 383
171 35
488 738
725 590
186 457
110 632
689 81
85 20
297 250
171 2
182 775
457 461
904 155
216 869
488 447
961 512
563 666
94 36
607 408
760 225
100 998
547 621
117 180
7 167
670 579
121 16
360 410
41 583
620 28
493 252
740 516
686 487
360 828
968 450
719 258
16 412
492 36
914 535
451 717
241 693
108 80
66 423
976 381
962 709
569 962
927 989
127 388
717 829
304 478
803 307
527 568
661 840
473 380
83 192
996 117
369 550
497 721
240 13
51 521
109 713
608 742
536 967
192 726
904 523
876 943
286 393
448 492
999 30
876 325
142 855
927 980
505 986
213 493
786 28
324 69
664 762
617 479
15 596
280 67
694 383
115 344
320 635
234 819
862 332
92 497
395 540
365 313
127 617
193 877
599 386
632 138
413 392
731 6
740 195
982 122
832 523
318 825
27 248
812 520
218 700
538 5
594 407
766 996
317 355
861 448
25 761
458 248
203 203
111 715
375 836
227 476
428 189
572 553
974 826
519 432
331 916
118 987
475 136
65 855
217 480
432 967
391 40
224 94
17 163
708 21
961 503
350 121
195 695
990 488
945 248
794 574
602 830
295 603
222 87
767 280
805 336
915 58
937 255
458 245
369 537
963 828
288 468
328 456
141 184
172 312
708 306
790 64
957 657
22 805
235 604
87 911
656 635
805 528
655 726
97 676
138 723
644 369
901 380
312 522
875 631
45 30
711 8
762 198
461 676
346 799
362 711
578 725
410 153
391 513
753 453
253 236
36 882
238 828
720 637
95 998
371 614
258 677
386 114
375 449
475 769
732 820
436 417
271 337
843 499
217 942
119 884
677 948
607 846
25 252
418 88
109 972
134 308
250 235
845 296
701 393
957 647
275 890
967 176
767 308
259 111
386 695
857 683
226 13
227 976
78 106
649 333
425 942
573 185
254 320
953 978
451 781
237 86
256 522
685 661
609 70
330 31
258 747
288 498
467 199
872 230
725 485
519 885
292 274
855 85
525 965
252 728
977 238
401 998
283 787
836 529
214 694
560 897
682 795
714 425
305 753
350 170
549 438
810 470
61 744
51 144
808 66
503 402
809 795
211 823
219 13
278 346
174 661
517 879
602 94
120 8
356 27
533 419
695 37
524 802
797 73
531 402
638 470
451 537
344 661
722 137
184 554
922 434
720 858
905 815
145 157
475 776
107 14
894 200
563 681
180 40
131 549
30 427
344 586
518 115
393 916
54 812
627 784
591 560
725 814
957 307
304 288
193 167
150 418
271 571
576 491
210 559
944 171
812 156
510 613
114 105
401 279
694 321
716 103
327 707
468 696
271 322
23 510
140 911
791 742
33 187
182 378
725 953
916 44
276 819
743 472
325 156
995 646
732 734
410 936
385 541
102 849
281 428
805 711
395 646
971 739
685 768
854 279
127 725
438 983
656 17
676 410
993 667
669 554
783 188
926 731
469 477
722 489
249 489
178 197
789 230
741 729
25 634
320 153
727 435
775 605
15 951
196 396
637 717
559 411
599 188
808 959
267 379
529 471
41 737
927 901
836 966
90 975
223 169
99 753
285 251
598 773
482 115
520 958
992 604
979 800
997 532
783 116
683 327
899 828
583 4
860 178
727 141
653 149
277 125
504 550
81 397
220 456
551 143
816 415
780 839
878 946
159 622
443 956
301 81
847 231
637 650
344 10
406 261
932 28
485 318
334 345
307 473
360 494
783 425
579 39
400 149
82 249
798 225
102 788
921 385
29 993
98 403
468 565
265 509
607 564
278 164
182 426
604 831
147 438
338 259
561 968
236 712
127 444
994 636
629 415
328 967
279 601
622 127
879 572
680 821
231 348
152 143
896 872
130 807
813 408
441 772
771 519
120 687
117 211
196 289
850 427
752 467
66 880
768 678
482 782
939 45
300 381
435 103
883 556
958 649
301 773
914 388
9 111
100 914
867 639
146 679
453 440
642 46
201 366
394 817
973 741
82 549
413 71
55 957
39 69
377 590
891 701
182 899
98 646
440 449
297 920
653 134
846 327
127 238
506 466
955 598
535 478
597 845
347 697
540 447
285 332
425 844
808 304
502 160
655 52
85 101
272 189
430 582
460 520
853 404
837 996
739 215
912 52
188 965
749 947
178 919
101 752
288 540
148 636
425 629
15 282
729 820
760 455
716 15
287 170
382 745
531 645
867 386
105 76
240 621
444 150
697 547
686 530
436 559
182 556
638 362
75 80
749 79
672 133
350 793
40 515
488 45
260 969
57 425
906 742
655 578
128 341
585 122
569 459
719 630
55 709
895 445
755 798
274 512
489 572
774 483
759 652
933 699
407 346
862 457
594 702
250 70
672 139
698 775
766 554
272 66
551 391
547 401
998 810
342 592
706 144
27 642
203 771
924 984
228 807
898 860
10 630
826 947
820 383
493 993
316 67
142 482
165 960
242 998
4 233
747 708
852 829
677 714
461 239
885 220
85 167
150 811
250 567
630 632
494 344
952 841
51 205
363 363
193 800
764 306
767 333
191 372
702 852
428 276
340 874
687 598
815 610
664 278
432 535
357 190
483 358
965 335
828 162
646 608
412 128
192 189
532 124
900 969
601 195
816 392
977 939
420 486
597 920
90 484
935 776
457 628
758 897
946 355
991 41
991 518
470 758
977 72
574 595
9 980
837 149
441 682
227 357
387 409
13 446
138 745
693 59
825 193
388 66267
217 698
675 272
238 804
654 650
396 856
722 913
406 157
569 195
503 31
739 627
876 293
823 203
890 577
899 3
268 150
392 90
856 437
345 756
819 280
893 540
794 371
299 532
890 512
902 132
34 666
721 815
320 316
660 52
488 162
0 387
884 432
424 614
81 10
648 426
774 964
58 630
347 427
647 468
783 891
43 653
666 66483
100 386
437 590
332 312
910 67
5 548
680 607
780 207
171 153
561 683
896 535
358 367
367 16777335
902 608
548 512
841 945
328 450
365 675
92 827
750 96
731 308
177 693
880 3
629 567
6 50
316 335
959 200
945 992
927 455
690 248
169 654
855 214
850 967
259 427
669 267
539 540
127 421
37 439
924 621
83 179
297 334
168 293
652 537
842 768
769 891
960 325
310 197
214 692
825 507
551 26
233 823
890 267
802 86
896 577
469 219
893 789
590 619
165 16777630
416 721
17 752
398 403
386 183
620 85
758 404
982 524
32 495
294 397
708 694
364 503
91 4
617 926
684 933
260 738
613 425
369 224
8 720
687 879
200 573
657 630
430 862
111 66227
519 266
118 799
769 796
717 16
982 23
457 471
487 635
284 204
69 463
617 886
828 775
875 191
890 888
502 208
118 137
606 897
620 949
879 899
24 38
365 257
184 884
525 65948
743 710
700 743
656 536
710 379
600 509
961 892
967 159
915 27
815 326
690 476
198 253
275 171
529 139
644 771
106 936
38 839
300 534
149 837
515 363
418 439
850 308
851 284
735 59
873 663
689 244
650 750
373 837
376 613
517 16777596
723 548
411 173
498 668
645 876
871 634
513 577
724 352
746 436
512 988
987 36
566 16777702
780 922
912 899
59 296
312 102
860 531
368 252
324 304
787 238
370 448
170 437
840 983
59 65
633 545
744 474
75 869
636 899
70 751
427 460
725 449
354 65623
837 281
412 413
556 817
535 514
317 811
951 310
944 979
73 69
726 210
411 426
838 400
170 423
882 594
283 632
30 420
758 913
137 408
288 912
612 976
360 600
355 622
180 48
298 766
629 272
883 282
513 309
677 473
543 971
246 511
96 587
492 202
996 768
552 784
258 548
484 416
21 272
839 38
427 924
630 235
39 371
133 475
346 603
247 913
973 971
66 865
386 814
351 260
756 88
585 233
188 942
491 619
565 588
758 367
858 771
227 858
367 342
150 243
806 55
461 626
499 222
120 524
969 606
408 808
638 279
76 869
4 957
674 375
954 370
211 888
707 190
866 50
821 284
246 427
389 839
558 478
305 630
357 511
493 937
183 274
298 594
42 652
4 919
168 310
363 957
468 81
805 767
882 830
129 967
909 541
887 459
963 129
790 836
907 161
974 195
523 866
0 173
907 668
11 497
526 706
184 511
977 990
48 324
100 516
932 163
962 821
460 438
732 735
108 637
466 955
957 941
764 304
528 685
502 342
985 534
699 149
25 449
291 543
467 309
368 161
388 211
709 134
869 456
336 249
90 45
210 640
888 434
804 467
115 690
996 93
717 831
288 650
710 580
370 275
624 554
93 344
802 335
23 550
168 517
112 985
249 263
186 700
513 633
24 414
975 176
36 879
65 544
756 555
511 925
349 950
678 731
403 353
999 266
488 628
15 740
347 109
383 121
546 167
406 182
835 911
470 17
375 771
484 912
824 324
916 850
469 701
157 997
524 84
481 58
559 649
664 551
426 212
437 419
923 964
513 655
435 365
246 107
404 754
30 623
932 676
862 75
913 537
653 576
629 224
970 217
333 836
437 436
916 143
107 102
285 953
840 998
48 745
865 792
692 987
56 965
383 587
35 840
738 641
590 60
457 718
632 229
81 286
20 485
250 237
2 864
775 871
461 449
155 16777723
869 166
447 807
512 594
666 65594
36 762
408 534
225 642
998 69
621 496
180 270
167 616
579 927
16 82
410 325
583 618
28 898
252 775
516 118
487 926
828 881
450 743
258 216
412 576
36 502
535 704
717 165
693 583
80 597
423 117
381 636
709 176
962 66190
989 610
388 71
829 49
478 16777551
307 600
568 22
840 719
380 800
192 151
117 58
550 969
721 422
13 7
521 459
713 395
742 841
967 110
726 387
523 580
943 493
393 134
492 464
30 991
325 772
855 956
980 606
986 190
493 906
28 314
69 627
762 378
479 8
596 701
67 729
383 965
344 987
635 592
819 695
332 449
497 482
540 847
313 16778161
617 798
877 507
386 740
138 147
392 831
6 734
195 790
122 634
523 557
825 400
248 669
520 275
700 907
5 785
407 840
996 546
355 105
448 238
761 743
248 364
203 753
715 153
836 697
476 813
189 701
553 644
826 583
432 403
916 87
987 794
136 863
855 825
480 791
967 374
40 226
94 566
163 280
21 353
503 958
121 83
695 411
488 888
248 693
574 688
830 876
603 596
87 72
280 904
336 209
58 541
255 680
245 77
537 519
828 629
468 972
456 465
184 324
312 342
306 610
64 41
657 496
805 631
604 212
911 788
635 599
528 791
726 43
676 478
723 323
369 142
380 111
522 542
631 399
30 92
8 824
198 648
676 301
799 80
711 352
725 387
153 889
513 762
453 94
236 44
882 460
828 217
637 772
998 617
614 122
677 718
114 394
449 335
769 36
820 199
417 234
337 710
499 447
942 453
884 218
948 775
846 418
252 718
88 405
972 500
308 988
235 212
296 489
393 752
647 396
890 996
176 474
308 899
111 664
695 544
683 206
13 200
976 175
106 262
333 95
942 366
185 54
320 478
978 453
781 610
86 942
522 464
661 633
70 627
31 724
747 235
498 187
199 445
230 265
485 679
885 341
274 687
85 864
965 708
728 805
238 685
998 418
787 737
529 143
694 703
897 69
795 175
425 0
753 472
170 480
438 251
470 509
744 303
144 753
66 239
402 402
795 121
823 16777879
13 473
346 307
661 997
879 160
94 410
8 359
27 71
419 637
37 704
802 143
73 886
402 313
470 157
537 811
661 126
137 470
554 6
434 142
858 447
815 256
157 21
776 613
14 404
200 575
681 984
40 660
549 172
427 697
586 999
115 937
916 276
812 958
784 658
560 767
814 356
307 99
288 536
167 524
418 157
571 927
491 249
559 652
171 265
156 545
613 750
105 396
279 676
321 272
103 659
707 711
696 859
322 761
510 908
911 28
742 156
187 813
378 645
953 350
44 566
819 288
472 608
156 139
646 332
734 43
936 531
541 373
849 926
428 267
711 327
646 396
739 56
768 144
279 995
725 858
983 841
17 615
410 759
667 830
554 781
188 696
731 16777921
477 634
489 588
489 969
197 203
230 613
729 809
634 625
153 338
435 226
605 691
951 237
396 833
717 238
411 696
188 679
959 61
379 174
471 245
737 242
901 623
966 999
975 503
169 679
753 932
251 604
773 549
115 195
958 912
604 771
800 43
532 463
116 463
327 616
828 361
4 951
178 426
141 353
149 522
125 827
550 248
397 88
456 909
143 713
415 291
839 780
946 624
622 545
956 991
81 993
231 768
650 751
10 902
261 618
28 309
318 206
345 879
473 637
494 110
425 481
39 490
149 373
249 444
225 173
788 744
385 826
993 323
403 18
565 614
509 607
564 156
164 942
426 584
831 428
438 427
259 212
968 765
712 524
444 705
636 753
415 646
967 799
601 138
127 494
572 786
821 137
348 424
143 808
872 757
807 809
408 31
772 427
519 876
687 907
211 127
289 459
427 186
467 247
880 389
678 729
782 150
45 224
381 426
103 373
556 283
649 374
773 779
388 750
111 503
914 420
639 303
679 163
440 725
46 563
366 364
817 109
741 707
549 181
71 266
957 651
69 228
590 314
701 550
899 789
646 967
449 558
920 616
134 25
327 30
238 969
466 302
598 465
478 328
845 686
697 71
447 875
332 64
844 421
304 17
160 600
52 460
101 185
189 172
582 350
520 510
404 826
996 772
215 846
52 830
965 716
947 994
919 494
752 902
540 319
636 339
629 991
282 885
820 693
455 632
15 728
170 213
745 65559
645 597
386 514
76 133
621 152
150 442
547 402
530 495
559 464
556 682
362 483
80 842
79 686
133 896
793 362
515 814
45 90
969 414
425 332
742 632
578 616
341 944
122 376
459 455
630 378
709 437
445 992
798 46
512 575
572 822
483 289
652 658
699 242
346 932
457 934
702 972
70 985
139 225
775 943
554 224
66 461
391 36
401 799
810 679
592 932
144 560
642 831
771 662
984 143
807 540
860 897
630 525
947 300
383 369
993 885
67 337
482 836
960 744
998 287
233 346
708 886
829 25
714 495
239 790
220 475
167 709
811 960
567 12
632 880
344 285
841 986
205 841
363 88
800 432
306 313
333 63
372 39
852 233
276 331
874 449
598 280
610 862
278 629
535 728
190 935
358 226
335 631
162 809
608 711
128 844
189 795
124 637
969 670
195 911
392 290
939 375
486 580
920 832
484 775
776 994
628 120
897 858
355 34
41 336
518 259
758 133
72 22
595 132
980 347
149 123
682 620
357 793
409 617
446 858
745 566
59 385
193 843
66267 949
698 12
272 543
804 426
650 627
856 115
913 637
157 13
195 414
31 169
627 719
293 845
203 53
577 306
3 502
150 424
90 211
437 446
756 574
280 894
540 757
371 720
532 800
512 902
132 128
666 385
815 424
316 170
52 473
162 827
387 736
432 167
614 995
10 582
426 596
964 790
630 364
427 159
468 988
891 157
653 856
66483 12
386 205
590 175
312 741
67 97
548 504
607 592
207 525
153 198
683 570
535 458
367 232
16777335 279
608 362
512 907
945 759
450 930
675 918
827 732
96 730
308 16777364
693 942
3 435
567 202
50 973
335 175
200 226
992 712
455 295
248 641
654 958
214 172
967 83
427 138
267 857
540 879
421 77
439 49
621 112
179 834
334 883
293 188
537 102
768 636
891 489
325 266
197 871
692 376
507 480
26 1
823 782
267 573
86 882
577 778
219 23
789 332
619 503
16777630 336
721 542
752 941
403 972
183 469
85 886
404 219
524 495
495 900
397 259
694 835
503 556
4 104
926 17
933 785
738 475
425 676
224 290
720 971
879 224
573 273
630 460
862 492
66227 569
266 19
799 184
796 330
16 764
23 100
471 692
635 456
204 574
463 751
886 698
775 709
191 21
888 958
208 799
137 395
897 511
949 797
899 437
38 361
257 696
884 253
65948 793
710 946
743 336
536 666
379 638
509 780
892 739
159 829
27 488
326 655
476 699
253 114
171 641
139 682
771 684
936 817
839 799
534 201
837 245
363 966
439 751
308 122
284 214
59 168
663 558
244 243
750 212
837 527
613 58
16777596 808
548 697
173 474
668 966
876 905
634 407
577 683
352 295
436 978
988 464
36 622
16777702 417
922 810
899 849
296 437
102 835
531 836
252 923
304 926
238 735
448 553
437 257
983 539
65 260
545 411
474 724
869 617
899 875
751 723
460 682
449 586
65623 909
281 821
413 65786
817 548
514 875
811 311
310 762
979 503
69 365
210 661
426 626
400 139
423 100
594 952
632 734
420 864
913 87
408 882
912 591
976 396
600 490
622 412
48 843
766 992
272 738
282 33
309 593
473 619
971 435
511 296
587 358
202 213
768 818
784 509
548 882
416 813
272 91
38 993
924 747
235 869
371 916
475 197
603 73
913 704
971 328
865 155
814 161
260 491
88 190
233 21
942 83
619 753
588 135
367 716
771 443
858 749
342 75
243 123
55 307
626 28
222 172
524 761
606 543
808 232
279 234
869 570
957 408
375 223
370 181
888 78
190 227
50 394
284 566
427 377
839 23
478 134
630 231
511 874
937 626
274 262
594 854
652 140
919 636
310 375
957 430
81 712
767 882
830 851
967 78
541 361
459 972
129 318
836 408
161 694
195 856
866 780
173 59
668 547
497 797
706 345
511 258
990 777
324 448
516 79
163 243
821 73
438 467
735 556
637 784
955 413
941 705
304 274
685 337
342 976
534 179
149 253
449 448
543 568
309 63
161 256
211 100
134 579
456 75
249 345
45 78
640 127
434 366
467 376
690 511
93 137
831 96
650 899
580 657
275 447
554 812
344 541
335 561
550 542
517 621
985 555
263 419
700 229
633 359
414 238
176 350
879 111
544 185
555 300
925 180
950 837
731 578
353 6
266 947
628 226
740 721
109 347
121 39
167 941
182 459
911 924
17 725
771 346
912 40
324 686
850 258
701 530
997 31
84 11
58 218
649 959
551 14
212 25
419 345
964 856
655 466
365 250
107 685
754 819
623 813
676 506
75 234
537 918
576 99
224 60
217 741
836 901
436 396
143 414
102 690
953 631
998 670
745 712
792 686
987 640
965 448
587 425
840 861
641 921
60 735
718 874
229 293
286 580
485 324
237 16
864 993
871 520
449 452
16777723 22
166 287
807 451
594 840
65594 785
762 66
534 827
642 451
69 691
496 521
270 820
616 974
927 553
82 118
325 77
618 151
898 877
775 993
118 795
926 749
881 684
743 882
216 292
576 710
502 128
704 18
165 45
583 81
597 959
117 571
636 757
176 429
66190 419
610 947
71 743
49 656
16777551 128
600 285
22 500
719 305
800 90
151 944
58 279
969 406
422 852
7 30
459 543
395 438
841 705
110 165
387 737
580 297
493 647
134 122
464 771
991 283
772 391
956 706
606 610
190 733
906 599
314 511
627 21
378 123
8 848
701 841
729 48
965 503
987 680
592 882
695 722
449 485
482 833
847 512
16778161 263
798 333
507 784
740 975
147 16777358
831 684
734 102
790 805
634 780
557 291
400 651
669 228
275 567
907 238
785 662
840 819
546 452
105 38
238 902
743 22
364 386
753 368
153 709
697 529
813 869
701 772
644 432
583 697
403 891
87 663
794 344
863 651
825 834
791 473
374 971
226 659
566 369
280 656
353 588
958 894
83 851
411 315
888 879
693 488
688 39
876 672
596 558
72 207
904 826
209 214
541 150
680 766
77 771
519 123
629 178
972 188
465 558
324 296
342 186
610 794
41 432
496 431
631 96
212 210
788 932
599 119
791 401
43 872
478 42
323 65
142 570
111 726
542 801
399 435
92 319
824 163
648 367
301 309
80 566
352 372
387 20
889 257
762 16
94 500
44 352
460 376
217 619
772 833
617 264
122 494
718 828
394 694
335 519
36 272
199 223
234 197
710 852
447 905
453 915
218 842
775 55
418 816
718 101
405 334
500 735
988 751
212 764
489 421
752 69
396 742
996 347
474 904
899 751
664 855
544 810
206 204
200 942
175 272
262 404
95 257
366 248
54 308
478 546
453 276
610 183
942 449
464 87
633 373
627 408
724 723
235 843
187 977
445 229
265 289
679 113
341 883
687 714
864 584
708 81
805 301
685 201
418 157
737 395
143 47
703 70
69 455
175 346
0 812
472 665
480 650
251 671
509 473
303 236
753 349
239 383
402 79
121 517
16777879 868
473 714
307 877
997 328
160 919
410 982
359 339
71 106
637 681
704 490
143 64
886 8
313 449
157 748
811 389
126 22
470 828
6 172
142 480
447 800
256 641
21 118
613 138
404 268
575 708
984 851
660 618
172 270
697 788
999 537
937 552
276 747
958 781
658 558
767 730
356 503
99 791
536 241
524 290
157 503
927 357
249 130
652 845
265 511
545 102
750 901
396 334
676 901
272 0
659 763
711 16777393
859 788
761 440
908 632
28 553
156 338
813 83
645 190
350 907
566 19
288 496
608 712
139 256
332 796
43 659
531 160
373 591
926 952
267 955
327 59
396 137
56 942
144 709
995 151
858 179
841 25
615 136
759 172
830 751
781 687
696 695
16777921 616
634 187
588 930
969 306
203 849
613 232
809 354
625 893
338 927
226 484
691 169
237 791
833 198
238 1
696 934
679 948
61 89
174 932
245 763
242 524
623 586
999 248
503 791
679 586
932 219
604 632
549 965
195 526
912 41
771 640
43 842
463 555
463 27
616 940
361 777
951 111
426 39
353 341
522 108
827 990
248 878
88 98
909 539
713 203
291 978
780 819
624 482
545 367
991 610
993 873
768 529
751 592
902 911
618 267
309 611
206 686
879 926
637 131
110 96
481 676
490 849
373 448
444 835
173 141
744 718
826 38
323 76
18 148
614 919
607 473
156 847
942 851
584 696
428 30
427 59
212 269
765 764
524 954
705 476
753 100
646 96
799 601
138 314
494 228
786 798
137 272
424 864
808 750
757 860
809 171
31 358
427 22
876 915
907 201
127 943
459 21
186 952
247 643
389 739
729 16777752
150 734
224 80
426 846
373 439
283 234
374 571
779 751
750 70
503 14
420 996
303 763
163 239
725 246
563 883
364 911
109 799
707 894
181 24
266 273
651 229
228 154
314 886
550 368
789 66221
967 715
558 135
616 347
25 66459
30 682
969 223
302 769
465 430
328 569
686 226
71 992
875 869
64 947
421 400
17 965
600 536
460 215
185 789
172 193
350 69
510 807
826 433
772 455
846 638
830 890
716 383
994 90
494 609
902 691
319 871
339 596
991 391
885 688
693 820
632 648
728 293
213 667
65559 598
597 657
514 102
133 500
152 721
442 905
402 591
495 997
464 405
682 603
483 522
842 269
686 156
896 145
362 884
814 310
90 375
414 966
332 550
632 623
616 353
944 381
376 944
455 850
378 458
437 169
992 417
46 199
575 21
822 603
289 112
658 191
242 786
932 695
934 463
972 818
985 454
225 719
943 546
224 946
461 318
36 38
799 780
679 661
932 543
560 734
831 931
662 943
143 385
540 484
897 767
525 590
300 263
369 606
885 959
337 548
836 105
744 980
287 532
346 712
886 378
25 276
495 43
790 301
475 627
709 459
960 607
12 546
880 390
285 291
986 493
841 400
88 539
432 248
313 503
63 816
39 783
233 451
331 834
449 178
280 727
862 543
629 576
728 6
935 506
226 46
631 16777358
809 583
711 172
844 661
795 814
637 76
670 380
911 811
290 135
375 125
580 39
832 678
775 248
994 396
120 650
858 398
34 345
336 353
259 853
133 520
22 730
132 236
347 858
123 629
620 297
793 567
617 746
858 65
566 881
385 778
843 160
949 668
12 526
543 837
426 100
627 692
115 34
637 985
13 970
414 504
169 50
719 640
845 96
53 695
306 481
502 392
424 971
211 431
446 324
574 16778092
894 427
757 295
720 421
800 579
902 834
128 526
385 177
424 815
170 705
473 817
827 202
736 119
167 387
995 56
582 829
596 878
790 248
364 705
159 805
988 521
157 635
856 36
12 606
205 509
175 253
741 470
97 251
504 479
592 240
525 167
198 962
570 45
458 627
232 849
279 116
362 158
907 476
759 481
930 241
918 252
732 951
730 212
16777364 167
942 730
435 411
202 621
973 352
175 592
226 717
712 128
295 148
641 786
958 470
172 930
83 476
138 814
857 347
879 652
77 215
49 657
112 228
834 397
883 449
188 339
102 958
636 972
489 503
266 430
871 738
376 529
480 781
1 115
782 893
573 137
882 886
778 547
23 854
332 61
503 493
336 823
542 620
941 712
972 676
469 950
886 71
219 669
495 468
900 55
259 166
835 779
556 111
104 624
17 393
785 99
475 630
676 343
290 832
971 245
224 99
273 645
460 330
492 524
569 943
19 894
184 687
330 165
764 629
100 65970
692 862
456 652
574 157
751 807
698 280
709 679
21 947
958 541
799 227
395 369
511 285
797 168
437 120
361 960
696 569
253 514
793 326
946 215
336 316
666 991
638 620
780 997
739 66532
829 455
488 203
655 636
699 231
114 623
641 114
682 235
684 657
817 655
799 63
201 925
245 178
966 766
751 725
122 360
214 390
168 154
558 912
243 934
212 187
527 184
58 227
808 703
697 919
474 906
966 339
905 557
407 183
683 956
295 913
978 31
464 337
622 502
417 924
810 975
849 859
437 110
835 308
836 716
923 513
926 643
735 560
553 296
257 300
539 946
260 953
411 219
724 877
617 853
875 557
723 878
682 782
586 679
909 349
821 801
65786 129
548 193
875 424
311 966
762 631
503 366
365 186
661 45
626 581
139 940
100 323
952 891
734 559
864 359
87 358
882 981
591 16777753
396 798
490 577
412 749
843 582
992 873
738 201
33 782
593 443
619 329
435 220
296 611
358 664
213 197
818 320
509 150
882 493
813 665
91 442
993 914
747 787
869 186
916 992
197 185
73 878
704 388
328 272
155 887
161 770
491 764
190 270
21 637
83 331
753 846
135 291
716 655
443 611
749 248
75 232
123 238
307 0
28 565
172 343
761 326
543 267
232 684
234 994
570 633
408 539
223 494
181 786
78 939
227 136
394 467
566 122
377 412
23 440
134 485
231 433
874 97
626 229
262 684
854 643
140 659
636 357
375 472
430 729
712 294
882 657
851 426
78 996
361 435
972 278
318 948
408 70
694 319
856 407
780 436
59 737
547 186
797 473
345 213
258 214
777 505
448 453
79 118
243 256
73 61
467 506
556 89
784 686
413 441
705 305
274 485
337 557
976 15
179 487
253 93
448 403
568 916
63 718
256 407
100 901
579 367
75 172
345 221
78 241
127 398
366 875
376 783
511 285
137 202
96 519
899 895
657 358
447 822
812 163
541 795
561 226
542 388
621 932
555 599
419 63
229 455
359 52
238 153
350 170
111 58
185 137
300 508
180 905
837 384
578 412
6 733
947 433
226 482
721 730
347 816
39 545
941 60
459 686
924 364
725 524
346 920
40 589
686 763
258 3
530 713
31 73
11 539
218 17
959 497
14 423
25 872
345 909
856 524
466 608
250 823
685 28
819 451
813 644
506 364
234 444
918 714
99 738
60 406
741 538
901 74
396 617
414 942
690 517
631 880
670 635
712 275
686 192
640 500
448 444
425 425
861 316
921 82
735 143
874 701
293 924
580 877
324 602
16 74
993 255
520 951
452 261
22 944
287 826
451 778
840 190
785 464
66 611
827 771
451 312
691 969
521 935
820 57
974 648
553 494
118 381
77 586
151 967
877 925
993 872
795 718
749 227
684 873
882 849
292 754
710 414
128 857
18 163
45 863
81 708
959 63
571 213
757 888
429 913
419 186
947 108
743 114
656 221
128 65686
285 801
500 135
305 654
90 32
944 494
279 719
406 752
852 673
30 522
543 16777460
438 105
705 836
165 431
737 65698
297 948
647 2
122 936
771 76
283 359
391 566
706 711
610 64
733 238
599 280
511 872
21 318
123 999
848 266
841 723
48 365
503 669
680 654
882 206
722 822
485 309
833 621
512 297
263 878
333 76
784 617
975 881
16777358 713
684 527
102 437
805 181
780 930
291 873
651 792
228 916
567 171
238 16
662 118
819 525
452 443
38 456
902 285
22 915
386 519
368 149
709 357
529 280
869 455
772 97
432 697
697 373
891 863
663 575
344 995
651 790
834 978
473 518
971 541
659 934
369 215
656 642
588 595
894 521
851 488
315 386
879 902
488 890
39 947
672 114
558 794
207 167
826 884
214 177
150 433
766 456
771 728
123 916
178 493
188 276
558 147
296 305
186 675
794 404
432 931
431 917
96 34
210 502
932 587
119 295
401 465
872 387
42 114
65 339
570 446
726 313
801 785
435 336
319 183
163 42
367 192
309 770
566 621
372 475
20 609
257 384
16 699
500 846
352 764
376 343
619 332
833 688
264 394
494 21
828 619
694 916
519 209
272 287
223 712
197 678
852 414
905 788
915 226
842 401
55 14
816 496
101 359
334 833
735 605
751 274
764 198
421 818
69 639
742 918
347 494
904 455
751 570
855 220
810 620
204 604
942 842
272 894
404 225
257 469
248 226
308 838
546 161
276 292
183 546
449 710
87 173
373 366
408 588
723 686
843 553
977 455
229 861
289 879
113 226
883 938
714 753
584 771
81 26
301 329
201 775
157 749
395 884
47 852
70 563
455 882
346 402
812 98
665 346
650 836
671 953
473 829
236 962
349 317
383 996
79 869
517 824
868 479
714 231
877 619
328 60
919 791
982 877
339 447
106 55
681 861
490 714
64 627
8 939
449 342
748 90
389 149
22 403
828 312
172 625
480 679
800 719
641 760
118 516
138 626
268 517
708 558
851 234
618 755
270 951
788 412
537 794
552 655
747 312
781 552
558 405
730 830
503 899
791 147
241 714
290 313
503 850
357 979
130 893
845 850
511 968
102 50
901 65907
334 789
901 47
0 517
763 208
16777393 679
788 819
440 814
632 697
553 278
338 468
83 387
190 90
907 961
19 544
496 309
712 785
256 843
796 967
659 761
160 921
591 68
952 989
955 826
59 456
137 744
942 468
709 245
151 345
179 654
25 88
136 635
172 883
751 226
687 681
695 819
616 73
187 828
930 948
306 621
849 160
232 998
354 506
893 392
927 428
484 634
169 263
791 765
198 154
1 410
934 588
948 906
89 831
932 462
763 22
524 393
586 616
248 698
791 493
586 422
219 208
632 133
965 758
526 116
41 726
640 699
842 649
555 224
27 772
940 28
777 548
111 273
39 563
341 598
108 374
990 200
878 520
98 52
539 366
203 998
978 652
819 880
482 853
367 573
610 944
873 219
529 681
592 548
911 504
267 89
611 457
686 418
926 685
131 787
96 41
676 672
849 54
448 10
835 473
141 58
718 651
38 253
76 668
148 560
919 52
473 670
847 210
851 80
696 48
30 36
59 630
269 370
764 278
954 194
476 160
100 138
96 191
601 975
314 44
228 409
798 402
272 445
864 641
750 125
860 919
171 338
358 931
22 389
915 84
201 338
943 578
21 726
952 67
643 466
739 857
16777752 360
734 226
80 254
846 680
439 594
234 489
571 324
751 946
70 738
14 216
996 519
763 455
239 293
246 231
883 678
911 291
799 469
894 108
24 882
273 622
229 318
154 472
886 35
368 970
66221 752
715 866
135 460
347 352
66459 800
682 83
223 434
769 59
430 815
569 616
226 985
992 290
869 689
947 491
400 615
965 203
536 24
215 746
789 519
193 427
69 999
807 239
433 503
455 7
638 735
890 998
383 394
90 646
609 821
691 922
871 151
596 372
391 401
688 177
820 464
648 905
293 433
667 835
598 756
657 48
102 124
500 23
721 46
905 481
591 384
997 53
405 836
603 575
522 292
269 533
156 936
145 147
884 135
310 615
375 242
966 463
550 599
623 369
353 820
381 651
944 306
850 924
458 573
169 203
417 57
199 103
21 751
603 271
112 160
191 843
786 417
695 290
463 871
818 933
454 701
719 380
546 540
946 792
318 603
38 552
780 919
661 392
543 900
734 535
931 125
943 767
385 608
484 243
767 837
590 828
263 617
606 420
959 598
548 591
105 573
980 446
532 591
712 118
378 944
276 793
43 133
301 548
627 783
459 560
607 489
546 380
390 135
291 427
493 943
400 706
539 844
248 541
503 504
816 219
783 154
451 431
834 849
178 328
727 624
543 851
576 74
6 135
506 927
46 353
16777358 368
583 42
172 575
661 630
814 955
76 78
380 211
811 736
135 888
125 700
39 376
678 787
248 96
396 84
650 610
398 751
345 920
353 181
853 407
520 567
730 191
236 62
858 362
629 523
297 499
567 473
746 490
65 639
881 85
778 202
160 440
668 3
526 440
837 389
100 316
692 273
34 21
985 221
970 104
504 978
50 346
640 437
96 28
695 513
481 358
392 379
971 80
431 558
324 255
16778092 680
427 989
295 269
421 277
579 354
834 269
526 116
177 420
815 834
705 230
817 112
202 262
119 254
387 486
56 520
829 219
878 905
248 46
705 405
805 96
521 785
635 738
36 815
606 489
509 436
253 627
470 683
251 41
479 210
240 45
167 356
962 205
45 903
627 441
849 606
116 2
158 665
476 339
481 587
241 557
252 621
951 845
212 970
167 424
730 667
411 99
621 779
352 556
592 509
717 365
128 101
148 506
786 268
470 520
930 736
476 129
814 331
347 333
652 99
215 675
657 914
228 72
397 671
449 751
339 877
958 979
972 18
503 73
430 474
738 369
529 66133
781 903
115 763
893 574
137 960
886 865
547 182
854 591
61 215
493 918
823 466
620 165
712 270
676 460
950 461
71 954
669 931
468 895
55 830
166 811
779 784
111 263
624 434
393 779
99 476
630 447
343 803
832 102
245 842
99 232
645 932
330 807
524 520
943 308
894 254
687 211
165 362
629 916
65970 327
862 995
652 469
157 578
807 221
280 838
679 940
947 703
541 943
227 372
369 31
285 670
168 549
120 388
960 15
569 147
514 911
326 307
215 790
316 209
991 59
620 357
997 778
66532 910
455 81
203 894
636 110
231 713
623 407
114 470
235 219
657 438
655 951
63 973
925 91
178 583
766 206
725 757
360 263
390 272
154 278
912 413
934 586
187 74
184 549
227 400
703 949
919 73
906 451
339 860
557 625
183 646
956 400
913 211
31 264
337 262
502 363
924 69
975 892
859 913
110 540
308 44
716 16777542
513 108
643 732
560 999
296 136
300 191
946 16777959
953 736
219 19
877 599
853 345
557 446
878 419
782 605
679 94
349 123
801 86
129 462
193 864
424 63
966 896
631 873
366 557
186 451
45 298
581 332
940 750
323 71
891 158
559 247
359 369
358 925
981 101
16777753 64
798 435
577 545
749 533
582 840
873 117
201 236
782 461
443 556
329 113
220 631
611 727
664 975
197 449
320 539
150 945
493 301
665 300
442 92
914 570
787 578
186 670
992 32
185 313
878 953
388 611
272 493
887 724
770 271
764 568
270 632
637 962
331 221
846 554
291 303
655 945
611 202
248 453
232 24
238 240
0 583
565 782
343 0
326 639
267 529
684 561
994 981
633 770
539 226
494 732
786 851
939 802
136 128
467 914
122 307
412 84
440 68
485 713
433 65704
97 967
229 772
684 349
643 784
659 874
357 418
472 779
729 473
294 916
657 452
426 678
996 649
435 242
278 714
948 437
70 453
319 925
407 706
436 491
737 539
186 569
473 791
213 742
214 967
505 480
453 486
118 777
256 810
61 837
506 808
89 90
686 535
441 521
305 250
485 724
557 876
15 105
487 160
93 846
403 503
916 549
718 294
407 114
901 222
367 850
172 85
221 215
241 534
398 18
875 76
783 656
285 189
202 823
519 229
895 490
358 80
822 900
163 84
795 538
226 613
388 684
932 499
599 765
63 330
455 240
52 233
153 70
170 541
58 557
137 942
508 179
905 993
384 100
412 584
733 232
433 776
482 601
730 985
816 99
545 939
60 268
686 823
364 854
524 523
920 163
589 923
763 593
3 444
713 742
73 202
539 325
17 637
497 585
423 623
872 450
909 673
524 438
608 95
823 74
28 329
451 289
644 780
364 51
444 392
714 673
738 330
406 817
538 421
74 182
617 549
942 457
517 445
880 109
635 281
275 967
192 750
500 605
444 337
425 514
316 701
82 535
143 273
701 651
924 953
877 653
602 275
74 169
255 533
951 970
261 830
944 880
826 410
778 274
190 866
464 349
611 531
771 989
312 853
969 655
935 824
57 65
648 274
494 747
381 893
586 404
967 563
925 229
872 246
718 623
227 333
873 642
849 957
754 344
414 874
857 311
163 400
863 99
708 29
63 844
213 349
888 176
913 31
186 33
108 776
114 345
221 858
65686 151
801 928
135 352
654 125
32 218
494 438
719 916
752 389
673 50
522 759
16777460 288
105 936
836 869
431 746
65698 139
948 306
2 543
936 45
76 133
359 440
566 92
711 335
64 666
238 989
280 412
872 339
318 896
999 775
266 935
723 695
365 973
669 415
654 107
206 327
822 560
309 129
621 187
297 65673
878 531
76 166
617 298
881 944
713 464
527 570
437 124
181 601
930 217
873 494
792 454
916 753
171 757
16 998
118 65
525 517
443 26
456 876
285 395
915 591
519 254
149 323
357 382
280 672
455 325
97 118
697 167
373 49
863 374
575 479
995 984
790 536
978 254
518 440
541 590
934 178
215 19
642 365
595 955
521 595
488 282
386 351
902 742
890 279
947 426
114 563
794 414
167 205
884 383
177 433
433 59
456 775
728 40
916 582
493 77
276 931
147 977
305 514
675 427
404 220
931 529
917 267
34 813
502 866
587 949
295 456
465 354
387 558
114 963
339 118
446 891
313 343
785 592
336 255
183 918
42 752
192 363
770 630
621 852
475 575
609 320
384 900
699 779
846 112
764 38
343 374
332 61
688 208
394 913
21 709
619 127
916 930
209 672
287 181
712 114
678 696
414 414
788 622
226 964
401 40
14 78
496 162
359 541
833 554
605 37
274 182
198 683
818 104
639 775
918 705
494 956
455 341
570 670
220 851
620 979
604 880
842 909
894 756
225 695
469 197
226 422
838 891
161 114
292 68
546 989
710 408
173 172
366 655
588 131
686 882
553 197
455 304
861 876
879 386
226 502
938 657
753 841
771 46
26 200
329 106
775 727
749 223
884 755
852 567
563 518
882 883
402 65
98 119
346 242
836 508
953 897
829 46
962 526
317 423
996 325
869 827
824 612
479 598
231 500
619 371
60 574
791 703
877 672
447 501
55 760
861 562
714 225
627 76
939 732
342 711
90 65584
149 440
403 61
312 197
625 301
679 964
719 836
760 404
516 513
626 922
517 278
558 972
234 469
755 291
951 739
412 348
794 34
655 215
312 49
552 437
405 462
830 539
899 327
147 268
714 189
313 990
850 363
979 75
893 22
850 67
968 620
50 456
65907 122
789 794
47 273
517 644
208 232
679 864
819 21
814 12
697 73
278 607
468 915
387 380
90 935
961 369
544 792
309 111
785 220
843 595
967 195
761 935
921 823
68 145
989 397
826 211
456 419
744 155
468 589
245 270
345 803
654 177
88 934
635 472
883 16778155
226 354
681 878
819 373
73 531
828 30
948 936
621 972
160 671
998 654
506 891
392 145
428 601
634 878
263 306
765 16777228
154 429
410 362
588 682
906 256
831 644
462 54
22 95
393 524
616 562
698 420
493 542
422 477
208 961
133 458
758 612
116 930
726 19
699 809
649 239
224 75
772 40
28 743
548 404
273 525
563 871
598 438
374 803
200 842
520 580
52 893
366 28
998 293
652 873
880 59
853 44
573 992
944 563
219 930
681 674
548 16777488
504 869
89 346
457 793
418 388
685 428
787 901
41 473
672 858
54 872
10 168
473 222
58 891
651 345
253 808
668 535
560 842
52 32
670 675
210 184
80 376
48 98
36 491
630 193
370 115
278 648
194 774
160 461
138 218
191 857
975 705
44 484
409 459
402 886
445 544
641 777
125 766
919 901
338 695
931 788
389 951
84 720
338 781
578 977
726 752
67 787
466 588
857 383
360 444
226 945
254 410
680 739
594 77
489 136
324 187
946 386
738 47
216 592
519 732
455 818
293 755
231 271
678 65
291 930
469 605
108 704
882 136
622 301
318 854
472 544
35 508
970 716
752 875
866 216
460 580
352 936
800 283
83 661
434 689
59 884
815 773
616 571
985 763
290 297
689 664
491 318
615 149
203 336
24 626
746 759
519 148
427 812
999 418
239 758
503 580
7 604
735 573
998 938
394 435
646 622
821 100
922 634
151 468
372 407
401 820
177 973
464 756
905 261
433 344
835 337
756 52
48 884
124 181
23 7
46 308
481 778
384 116
53 465
836 689
575 2
292 519
533 449
936 175
147 884
135 897
615 251
242 379
463 588
599 672
369 914
820 569
651 605
306 317
924 471
573 436
203 616
57 288
103 404
751 77
271 371
160 57
843 218
417 967
290 797
871 370
933 369
701 387
380 72
540 943
792 945
603 160
552 515
919 195
392 610
900 603
535 48
125 694
767 888
608 38
243 159
837 435
828 635
617 735
420 953
598 827
591 146
573 328
446 934
591 0
118 740
944 557
793 551
133 682
548 16777813
783 506
560 173
489 933
380 311
135 370
427 57
943 977
706 374
844 584
541 49
504 825
219 923
154 250
431 450
849 909
328 346
624 521
851 128
74 825
135 132
927 459
353 887
368 547
42 62
575 537
630 238
955 280
78 640
211 225
736 950
888 96
700 695
376 220
787 255
96 829
84 91
610 153
751 588
920 288
181 826
407 313
567 282
191 36
62 163
362 241
523 133
499 257
473 155
490 420
639 659
85 338
202 972
440 54
3 479
440 552
389 145
316 721
273 608
21 365
221 555
104 508
978 791
346 313
437 567
28 919
513 84
358 814
379 977
80 753
558 754
255 451
680 250
989 813
269 603
277 833
354 681
269 51
116 944
420 27
834 967
230 449
112 152
262 449
254 954
486 10
520 680
219 738
905 443
46 372
405 221
96 108
785 632
738 450
815 503
489 654
436 26
627 547
683 328
41 966
210 696
45 489
356 409
205 19
903 683
441 395
606 221
2 213
665 985
339 931
587 332
557 360
621 778
845 577
970 754
424 477
667 437
99 607
779 621
556 569
509 180
365 938
101 970
506 307
268 276
520 383
736 449
129 778
331 350
333 916
99 212
675 653
914 552
72 883
671 596
751 681
877 517
979 395
18 669
73 39
474 25
369 494
66133 629
903 636
763 854
574 43
960 320
865 119
182 170
591 14
215 679
918 214
466 30
165 99
270 116
460 81
461 432
954 431
931 551
895 381
830 850
811 847
784 757
263 594
434 865
779 103
476 580
447 742
803 503
102 797
842 640
232 128
932 449
807 235
520 193
308 254
254 578
211 392
362 339
916 287
327 198
995 127
469 308
578 401
221 704
838 334
940 241
703 901
943 476
372 353
31 130
670 750
549 798
388 381
15 409
147 430
911 409
307 237
790 471
209 353
59 313
357 969
778 448
910 679
81 362
894 106
110 234
713 694
407 182
470 623
219 217
438 278
951 954
973 458
91 814
583 243
206 530
757 132
263 619
272 695
278 937
413 221
586 49
74 861
549 16777602
400 869
949 770
73 879
451 506
860 222
625 71
646 282
400 467
211 663
264 484
262 508
363 714
69 603
892 879
913 588
540 50
44 280
16777542 980
108 771
732 951
999 368
136 884
191 931
16777959 988
736 971
19 833
599 703
345 190
446 27
419 628
605 235
94 958
123 119
86 287
462 279
864 395
63 377
896 955
873 681
557 869
451 480
298 60
332 352
750 307
71 678
158 800
247 185
369 647
925 595
101 499
64 294
435 388
545 136
533 590
840 810
117 407
236 645
461 387
556 318
113 995
631 380
727 499
975 79
449 403
539 787
945 25
301 653
300 932
92 406
570 156
578 854
670 40
32 403
313 872
953 489
611 861
493 596
724 893
271 348
568 891
632 648
962 567
221 527
554 778
303 122
945 389
202 606
453 498
24 329
240 402
583 315
782 496
0 735
639 215
529 449
561 528
981 610
770 966
226 338
732 358
851 629
802 552
128 186
914 651
307 336
84 697
68 425
713 942
65704 540
967 599
772 93
349 480
784 672
874 591
418 766
779 551
473 607
916 815
452 665
678 357
649 815
242 845
714 318
437 454
453 700
925 942
706 785
491 61
539 176
569 52
791 759
742 215
967 641
480 212
486 454
777 495
810 462
837 208
808 736
90 774
535 277
521 285
250 566
724 210
876 291
105 692
160 525
846 718
503 94
549 946
294 464
114 48
222 836
850 65639
85 244
215 499
534 698
18 144
76 275
656 262
189 102
823 437
229 377
490 302
80 84
900 122
84 249
538 479
613 36
684 346
499 483
765 903
330 939
240 379
233 262
70 611
541 600
557 827
942 199
179 762
993 561
100 380
584 819
232 111
776 63
601 394
985 741
99 651
939 733
268 592
823 251
854 113
523 212
163 68
923 977
593 32
444 106
742 406
202 349
325 676
637 263
585 188
623 929
450 302
673 151
438 305
95 141
74 39
329 634
289 506
780 946
51 273
392 703
673 584
330 72
817 23
421 972
182 281
549 649
457 815
445 840
109 358
281 251
967 119
750 482
605 302
337 642
514 709
701 663
535 746
273 395
651 830
953 552
653 367
275 66
169 984
533 705
970 575
830 310
880 216
410 627
274 760
866 704
349 933
531 483
989 172
853 599
655 842
824 689
65 663
274 63
747 896
893 673
404 228
563 917
229 490
246 734
623 937
333 599
642 522
957 126
344 140
874 636
311 23
400 298
99 389
29 7
844 697
349 806
176 617
31 933
33 490
776 103
345 367
858 197
151 861
928 88
352 345
125 154
218 755
438 918
916 975
389 373
50 521
759 779
288 289
936 905
869 839
746 212
139 521
306 581
543 371
45 219
133 950
440 638
92 108
335 85
666 851
989 882
412 144
339 764
896 758
775 830
935 751
695 198
973 449
415 137
107 949
327 429
560 100
129 463
187 795
65673 341
531 226
166 951
298 666
944 719
464 964
570 752
124 215
601 760
217 384
494 978
454 311
753 579
757 532
998 624
65 912
517 715
26 666
876 909
395 67
591 813
254 932
323 858
382 862
672 310
325 674
118 171
167 674
49 43
374 119
479 354
984 541
536 806
254 644
440 171
590 233
178 116
19 110
365 955
955 754
595 422
282 496
351 540
742 858
279 327
426 538
563 116
414 397
205 102
383 240
433 178
59 341
775 339
40 757
582 460
77 878
931 176
977 151
514 499
427 860
220 287
529 277
267 557
813 622
866 469
949 136
456 835
354 960
558 635
963 750
118 669
891 657
343 460
592 194
255 308
918 718
752 434
363 111
630 697
852 549
575 770
320 249
900 675
779 387
112 875
38 397
374 797
61 207
208 387
913 572
709 109
127 37
930 371
672 692
181 935
114 900
696 542
414 183
622 912
964 408
40 197
78 610
162 363
541 504
554 22
37 407
182 296
683 17
104 745
775 772
705 263
956 218
341 745
670 281
851 25
979 174
880 761
909 749
756 64
695 197
197 917
422 34
891 202
114 922
68 996
989 549
408 82
172 646
655 829
131 335
882 671
197 596
304 751
876 623
386 460
502 951
657 469
841 805
46 385
200 821
106 744
727 664
223 698
755 799
567 121
518 146
883 724
65 910
119 558
242 157
508 70
897 492
46 248
526 721
423 100
325 172
827 989
612 688
598 413
500 154
371 863
574 385
703 437
672 934
501 27
760 678
562 635
225 165
76 283
732 206
711 132
65584 96
440 900
61 779
197 967
301 412
964 16777985
836 501
404 679
513 616
922 22
278 589
972 364
469 690
291 542
739 691
348 74
34 58
215 774
49 128
437 832
462 421
539 727
327 709
268 468
189 680
990 322
363 295
75 202
22 369
67 480
620 420
456 154
122 657
794 408
273 616
644 982
232 609
864 402
21 830
12 561
73 655
607 719
915 302
380 470
935 396
369 310
792 964
111 662
220 279
595 859
195 455
935 455
823 736
145 379
397 323
211 224
419 53
155 489
589 319
270 213
803 400
177 997
934 560
472 449
16778155 582
354 200
878 991
373 874
531 81
30 817
936 808
972 656
671 59
654 420
891 712
145 139
601 604
878 970
306 609
16777228 264
429 255
362 450
682 463
256 544
644 587
54 416
95 922
524 65955
562 204
420 735
542 359
477 276
961 481
458 799
612 164
930 489
19 342
809 70
239 947
75 618
40 128
743 733
404 306
525 505
871 407
438 841
803 250
842 284
580 749
893 674
28 873
293 774
873 834
59 733
44 497
992 70
563 258
930 666
674 767
16777488 126
869 596
346 150
793 686
388 381
428 725
901 171
473 433
858 389
872 988
168 467
222 60
891 478
345 708
808 169
535 267
842 801
32 869
675 736
184 289
376 654
98 499
491 249
193 867
115 23
648 774
774 473
461 250
218 251
857 680
705 713
484 437
459 852
886 225
544 764
777 901
766 600
901 222
695 893
788 111
951 468
720 918
781 47
977 597
752 740
787 276
588 794
383 589
444 76
945 960
410 357
739 505
77 123
136 110
187 342
386 621
47 459
592 286
732 972
818 612
755 402
271 130
65 398
930 251
605 147
704 971
136 961
301 140
854 534
544 515
508 397
716 533
875 372
216 340
580 824
936 791
283 868
661 240
689 370
884 935
773 609
571 752
763 280
297 224
664 18
318 318
149 114
336 663
626 224
759 74
148 437
812 542
418 411
758 208
580 977
604 65
573 950
938 864
435 43
622 692
100 934
634 533
468 36
407 115
820 903
973 847
756 664
261 257
344 943
337 393
52 577
884 586
181 529
7 699
308 234
778 160
116 747
465 241
689 804
2 138
519 386
449 924
175 80
884 551
897 595
251 786
379 120
588 346
672 250
914 396
569 460
605 632
317 587
471 9
436 194
616 476
288 181
404 583
77 531
371 428
57 606
218 245
967 740
797 578
370 339
369 66097
387 640
72 870
943 81
945 804
160 268
515 186
195 391
610 105
603 650
48 709
694 890
888 82
38 503
159 505
435 391
635 323
735 964
953 917
827 132
146 489
328 123
934 936
0 443
740 925
557 403
551 903
682 752
16777813 911
506 886
173 895
933 991
311 145
370 332
57 493
977 658
374 967
584 214
49 872
825 805
923 60
250 693
450 541
909 200
346 686
521 282
128 938
825 208
132 877
459 619
887 827
547 606
62 800
537 260
238 319
280 726
640 976
225 100
950 692
96 161
695 762
220 964
255 671
829 100
91 769
153 155
588 445
288 223
826 994
313 701
282 230
36 462
163 271
241 855
133 380
257 396
155 293
420 845
659 616
338 587
972 492
54 253
479 13
552 79
145 152
721 923
608 831
365 298
555 831
508 461
791 152
313 878
567 708
919 356
84 614
814 458
977 53
753 290
754 273
451 494
250 870
813 783
603 903
833 322
681 772
51 624
944 6
27 564
967 514
449 75
152 381
449 87
954 671
10 660
680 323
738 663
443 750
372 491
221 6
108 125
632 61
450 387
503 385
654 631
26 20
547 879
328 307
966 818
696 299
489 971
409 457
19 97
683 397
395 29
221 405
213 795
985 103
931 287
332 820
360 762
778 809
577 357
754 576
477 373
437 975
607 583
621 734
569 86
180 615
938 115
970 73
307 637
276 725
383 681
449 333
778 323
350 353
916 854
212 29
653 856
552 56
883 554
596 29
681 70
517 391
395 434
669 561
39 964
25 268
494 574
629 68
636 372
854 933
43 435
320 553
119 964
170 974
14 762
679 630
214 41
30 271
99 407
116 908
81 255
432 347
431 427
551 385
381 834
850 659
847 651
757 718
594 265
865 297
103 415
580 737
742 166
503 165
797 788
640 980
128 167
449 948
235 123
193 396
254 816
578 476
392 615
339 75
287 198
198 121
127 443
308 535
401 949
704 283
334 281
241 248
901 764
476 814
353 172
130 358
750 292
798 392
381 463
409 88
430 684
409 910
237 331
471 190
353 840
313 736
969 149
448 472
679 213
362 592
106 38
234 45
694 646
182 552
623 586
217 509
278 443
954 193
458 826
814 783
243 692
530 396
132 449
619 324
695 858
937 996
221 746
49 914
861 671
16777602 626
869 401
770 234
879 674
506 96
222 693
71 147
282 468
467 39
663 725
484 228
508 453
714 801
603 808
879 870
588 567
50 655
280 347
980 912
771 117
951 727
368 328
884 70
931 201
988 312
971 521
833 387
703 919
190 527
27 567
628 637
235 280
958 425
119 869
287 945
279 510
395 742
377 288
955 506
681 90
869 802
480 289
60 695
352 22
307 768
678 111
800 130
185 436
647 586
595 418
499 50
294 437
388 346
136 969
590 729
810 674
407 349
645 69
387 47
318 455
995 346
380 516
499 933
79 426
403 879
787 319
25 523
653 353
932 404
406 69
156 563
854 57
40 590
403 614
872 59
489 856
861 174
596 88
893 575
348 388
891 71
648 549
567 765
527 849
778 36
122 194
389 239
606 407
498 960
329 354
402 452
315 162
496 115
735 41
215 455
449 521
528 492
610 298
966 583
338 511
358 921
629 170
552 630
186 725
651 144
336 475
697 586
425 213
942 362
540 577
599 918
93 625
480 955
672 976
591 194
766 130
551 228
607 36
815 247
665 377
357 625
815 607
845 764
318 914
454 363
700 807
942 948
785 867
61 838
176 669
52 453
759 722
215 684
641 816
212 779
454 261
495 905
462 832
208 931
736 463
774 357
277 131
285 632
566 177
210 773
291 451
692 857
525 975
718 506
94 982
946 785
464 407
48 976
836 212
65639 366
244 966
499 537
698 861
144 539
275 154
262 647
102 377
437 542
377 337
302 469
84 918
122 2
249 681
479 159
36 493
346 598
483 53
903 726
939 525
379 804
262 159
611 909
600 415
827 587
199 160
762 838
561 64
380 270
819 9
111 262
63 170
394 954
741 726
651 933
733 867
592 740
251 686
113 263
212 516
68 177
977 92
32 236
106 140
406 153
349 884
676 883
263 243
188 816
929 725
302 847
151 834
305 64
141 436
39 850
634 135
506 381
946 273
273 770
703 268
584 8
72 114
23 328
972 609
281 218
649 695
815 873
840 447
358 685
251 412
119 800
482 876
302 523
642 146
709 183
663 230
746 599
395 809
830 371
552 198
367 690
66 338
984 578
705 542
575 968
310 430
216 637
627 951
760 778
704 901
933 893
483 610
172 12
599 686
842 25
689 83
663 887
63 544
896 637
673 457
228 672
917 557
490 101
734 888
937 191
599 177
522 742
126 542
140 281
636 463
23 173
298 801
389 646
7 316
697 205
806 87
617 811
933 443
490 78
103 261
367 169
197 407
861 712
88 945
345 357
154 628
755 820
918 344
975 422
373 927
521 740
779 921
289 2
905 33
839 895
212 16
521 681
581 936
371 502
219 643
950 216
638 654
108 385
85 304
851 160
882 559
144 570
764 814
758 116
830 23
751 288
198 391
449 183
137 858
949 142
429 221
100 859
463 155
795 690
341 641
226 363
951 918
666 966
719 917
964 282
752 790
215 170
760 228
384 154
978 719
311 608
579 933
532 846
624 36
912 663
715 76
666 256
909 387
67 73
813 752
932 420
858 692
862 557
310 734
674 98
171 974
674 982
43 796
119 688
354 713
541 231
806 622
644 333
171 211
233 134
116 705
110 538
955 640
754 412
422 849
496 135
540 517
858 194
327 994
538 955
116 48
397 27
102 502
240 806
178 571
341 247
339 106
757 121
460 484
878 368
176 420
151 321
499 112
860 112
287 324
277 273
557 355
622 521
469 728
136 837
835 753
960 875
635 614
750 144
669 329
657 537
460 158
194 942
308 68
718 596
434 333
111 66
697 659
549 527
770 155
249 906
675 998
387 329
875 477
397 62
797 54
207 455
387 429
572 85
109 332
37 296
371 629
692 248
935 695
900 767
542 896
183 709
912 954
408 828
197 969
610 549
363 947
504 490
22 857
407 54
296 254
17 922
745 917
772 946
263 304
218 255
745 318
281 158
25 908
174 881
761 920
749 956
64 401
197 306
917 859
34 601
202 826
922 556
996 389
549 272
82 965
646 377
829 118
335 381
671 325
596 833
751 650
623 851
460 752
951 471
469 339
805 462
385 681
821 573
744 724
664 786
698 335
799 579
121 479
146 186
724 772
910 628
558 736
157 786
70 743
492 850
248 760
721 54
100 859
172 484
989 931
688 728
413 478
154 375
863 610
385 133
437 994
934 810
27 82
678 761
635 223
165 369
283 610
206 543
132 807
96 99
900 273
779 858
967 561
412 412
16777985 742
501 463
679 143
616 220
22 79
589 992
364 216
690 861
542 867
691 778
74 846
58 825
774 271
128 848
832 696
421 402
727 900
709 398
468 474
680 832
322 375
295 375
202 384
369 687
480 65
420 591
154 239
657 902
408 773
616 122
982 869
609 121
402 596
830 843
561 955
655 152
719 948
302 326
470 34
396 37
310 996
964 727
662 355
279 402
859 810
455 784
455 469
736 945
379 669
323 687
224 660
53 586
489 259
319 405
213 412
400 241
997 709
560 216
449 202
582 765
200 278
991 386
874 531
81 386
817 912
808 800
656 66
59 72
420 799
712 692
139 103
604 921
970 579
609 468
264 499
255 959
450 233
463 493
544 948
587 444
416 968
922 296
65955 144
204 310
735 180
359 634
276 303
481 703
799 178
164 70
489 88
342 462
70 75
947 203
618 39
128 642
733 190
306 875
505 940
407 864
841 611
250 406
284 442
749 969
674 953
873 612
774 321
834 785
733 113
497 614
70 900
258 905
666 985
767 510
126 195
596 179
150 458
686 226
381 288
725 387
171 533
433 424
389 66452
988 996
467 390
60 65
478 658
708 19
169 239
267 941
801 832
869 754
736 775
289 143
654 365
499 751
249 344
867 230
23 103
774 890
473 298
250 207
251 349
680 939
713 46
437 810
852 205
225 730
764 444
901 744
600 623
222 69
893 966
111 172
468 312
918 341
47 515
597 527
740 449
276 609
794 324
589 266
76 238
960 641
357 730
505 951
123 583
110 813
342 726
621 512
459 842
286 180
972 856
612 127
402 455
130 341
398 569
251 909
147 586
971 545
961 537
140 747
534 717
515 903
397 593
533 116
372 707
340 919
824 82
791 641
868 886
240 199
370 220
935 99
609 698
752 177
280 640
224 181
18 824
318 475
114 175
663 910
224 252
74 749
437 520
542 300
411 519
208 391
977 590
65 332
950 277
864 66025
43 528
692 435
934 960
533 113
36 255
115 424
903 308
847 152
664 979
257 703
943 689
393 645
577 863
586 168
529 284
699 881
234 256
160 990
747 438
241 153
804 490
138 249
386 732
924 215
80 371
551 516
595 453
786 369
120 701
346 999
250 471
396 505
460 825
632 926
587 362
9 611
194 175
476 113
181 403
583 850
531 15
428 466
606 194
245 188
740 339
578 354
339 381
66097 657
640 410
870 924
81 859
804 951
268 551
186 271
391 994
105 577
650 871
709 649
890 554
82 940
503 183
505 751
391 279
323 921
964 524
917 494
132 314
489 390
123 729
936 117
443 432
925 204
403 309
903 993
752 426
911 914
886 818
895 152
991 524
145 793
332 622
493 446
658 671
967 54
214 694
872 570
805 438
60 684
693 334
541 490
200 500
686 151
282 931
938 275
208 429
877 217
619 266
827 954
606 592
800 593
260 605
319 454
726 988
976 255
100 133
692 732
161 488
762 833
964 618
671 442
100 865
769 658
155 493
445 796
223 72
994 797
701 799
230 122
462 313
271 302
855 992
380 911
396 589
293 898
845 921
616 107
587 729
492 490
253 145
13 578
79 821
152 980
923 948
831 292
298 206
831 962
461 143
152 283
878 332
708 265
356 214
614 256
458 941
53 74
290 774
273 206
494 880
870 365
783 667
903 749
322 482
772 49
624 691
6 936
564 733
514 997
75 817
381 472
87 676
671 451
660 803
323 719
663 776
750 927
491 445
6 413
125 446
61 365
387 380
385 599
631 448
20 155
879 939
307 902
818 411
299 65
971 453
457 830
97 92
397 713
29 197
405 193
795 156
103 361
287 974
820 226
762 113
809 596
357 905
576 612
373 428
975 800
583 344
734 849
86 731
615 472
115 219
73 612
637 656
725 963
681 231
333 8
323 379
353 754
854 286
29 957
856 887
56 696
554 970
29 164
70 969
391 825
434 79
561 7
964 617
268 280
574 518
68 293
372 920
933 630
435 731
553 133
964 846
974 109
762 48
630 231
41 253
271 493
407 529
908 643
255 932
347 907
427 662
385 648
834 973
659 581
651 244
718 846
265 838
297 15
415 268
737 684
166 84
165 73
788 155
980 603
167 387
948 494
123 368
396 433
816 767
476 183
615 913
75 431
198 967
121 214
443 766
535 723
949 629
283 172
281 636
248 983
764 175
814 723
172 51
358 992
292 641
392 313
463 136
88 672
684 570
910 541
331 68
190 392
840 301
736 517
149 559
472 288
213 641
592 456
38 349
45 801
646 788
552 348
586 497
509 338
443 780
193 778
826 584
783 823
692 502
396 757
449 787
324 965
858 128
996 47
746 512
914 167
671 408
626 643
401 962
234 988
674 906
96 988
693 653
147 718
468 413
39 107
725 14
228 128
453 847
801 938
808 764
870 982
567 382
655 195
347 519
912 309
117 708
727 572
328 443
70 189
201 796
312 175
521 957
387 184
919 136
527 65
567 256
637 552
280 772
425 844
869 539
945 718
510 961
742 622
288 497
506 451
90 243
802 631
289 415
695 211
22 451
768 15
111 742
130 455
436 155
586 564
418 65
50 713
437 712
346 346
969 260
729 423
674 878
349 888
69 890
47 763
455 460
346 83
516 455
933 924
426 782
879 125
319 79
523 276
353 708
404 488
69 364
563 187
57 530
590 566
614 476
59 610
856 806
174 772
88 488
575 705
388 54
71 507
549 590
765 242
849 775
36 78
194 696
239 19
407 271
960 326
354 75
452 88
162 396
115 881
41 313
455 663
521 598
492 208
298 610
583 82
511 779
921 457
170 408
630 109
725 104
144 137
475 132
586 197
213 201
362 355
577 909
918 124
625 311
955 524
976 252
194 395
130 48
228 61
36 250
247 581
377 555
625 87
607 317
764 557
914 124
363 531
807 814
948 578
867 450
838 315
669 364
453 374
722 312
684 589
816 127
779 127
261 633
905 696
832 836
931 238
463 395
357 335
131 835
632 625
177 354
773 739
451 464
857 10
975 771
506 870
982 293
785 335
407 161
976 258
212 158
366 472
966 755
537 688
861 588
539 139
154 292
647 465
377 876
542 499
337 210
469 993
918 549
2 29
681 472
159 991
493 173
598 546
53 108
726 574
525 852
804 807
159 233
909 591
415 383
587 120
160 854
838 356
64 646
270 505
9 933
262 559
170 327
954 963
726 229
933 809
867 889
740 229
686 320
263 275
516 561
177 65
92 334
236 961
140 897
153 507
884 393
883 922
243 556
816 909
725 71
847 809
834 523
64 294
436 34
850 583
135 476
381 814
273 155
770 871
268 869
8 459
114 803
328 640
609 589
218 551
695 993
873 823
447 300
685 32
412 567
800 106
876 517
523 223
146 997
183 518
230 387
599 73
809 292
371 641
198 946
690 273
338 228
578 929
542 89
968 228
430 982
637 36
951 567
778 900
901 179
893 629
610 299
12 437
686 627
25 918
83 866
887 139
544 183
637 40
457 253
672 114
557 216
101 165
888 528
191 437
177 429
742 302
542 780
281 160
463 449
173 757
801 685
646 965
316 139
205 901
87 709
811 139
443 148
78 349
261 96
169 338
407 349
712 464
945 190
357 528
628 574
820 352
344 693
422 15
927 551
740 854
921 100
2 197
33 531
895 812
16 456
681 91
936 712
502 339
643 755
216 815
654 457
385 189
304 735
160 234
559 77
570 392
814 402
116 525
23 306
288 120
391 400
183 169
858 55
142 648
221 739
859 963
155 590
690 454
641 316
363 698
918 344
966 273
917 80
282 697
790 487
170 551
228 186
154 542
719 37
608 608
933 702
846 595
36 241
663 208
76 638
256 312
387 729
73 760
752 777
420 719
692 307
557 310
734 47
98 295
974 771
982 392
796 390
688 498
713 896
231 685
622 329
333 607
211 671
134 357
705 483
538 976
640 318
412 444
849 568
135 533
517 882
194 19
994 869
955 992
48 370
27 62
502 427
806 542
571 442
247 359
106 408
121 956
484 904
368 258
420 318
321 290
112 527
112 490
324 268
273 615
355 539
521 190
728 414
837 145
753 319
875 975
614 554
144 282
329 615
537 615
158 284
942 516
68 981
596 158
333 647
66 875
659 392
527 231
155 718
906 812
998 56
329 75
477 498
62 636
54 637
455 171
429 446
85 75
332 126
296 671
629 546
248 319
695 955
767 104
896 928
709 207
954 739
828 463
969 202
549 465
947 119
490 635
857 498
54 548
254 85
922 223
917 992
946 142
304 782
255 321
318 143
158 127
908 96
881 301
920 104
956 501
401 349
306 848
859 454
601 606
826 770
556 333
389 33
272 409
965 992
377 43
118 331
381 989
325 879
833 117
650 54
851 472
752 902
471 57
339 700
462 642
681 77
573 698
724 245
786 207
335 923
579 606
479 757
186 465
772 288
628 8
736 59
786 108
743 919
850 915
760 607
54 814
859 653
484 340
931 113
728 358
478 985
375 283
610 250
133 811
994 550
810 198
82 270
761 974
223 730
369 378
610 478
543 773
807 943
99 94
273 263
858 297
561 29
412 374
742 65
463 544
143 654
220 713
79 601
992 724
216 657
861 739
867 951
778 962
846 720
825 348
271 48
848 188
696 761
402 327
900 421
398 872
474 177
832 611
375 566
375 580
384 941
687 585
65 838
591 239
239 76
902 421
773 463
122 382
869 500
121 87
596 89
843 78
955 132
152 332
948 156
326 717
34 296
37 124
996 71
727 468
355 320
402 285
810 771
784 660
469 622
945 854
669 13
687 116
660 845
586 831
259 225
405 412
412 410
241 551
709 480
216 414
202 641
765 670
278 842
386 254
531 539
386 602
912 40
800 467
66 542
72 677
799 371
692 33
103 232
921 612
579 987
468 600
499 208
959 241
233 513
493 251
948 750
444 802
968 294
296 457
144 270
310 231
180 593
634 431
303 481
703 576
178 644
70 412
88 267
462 476
75 968
203 604
39 582
642 539
190 613
875 886
940 669
864 478
611 739
406 15
442 994
969 209
953 212
612 220
321 354
785 120
113 72
614 371
900 923
905 191
985 999
510 459
195 709
179 152
458 298
226 255
288 710
387 729
533 627
424 759
66452 260
996 363
390 936
65 439
658 687
19 349
239 788
941 174
832 308
754 398
775 224
143 51
365 335
751 696
344 61
230 873
103 847
890 473
298 528
207 575
349 516
939 795
46 864
810 946
205 825
730 38
444 59
744 929
623 675
69 171
966 526
172 498
312 426
341 306
515 726
527 486
449 405
609 730
324 360
266 72
238 699
641 726
730 585
951 844
583 66445
813 618
726 535
512 406
842 932
180 417
856 290
127 962
455 481
341 266
569 845
909 402
586 660
545 562
537 283
747 924
717 401
903 407
593 610
116 487
707 585
919 875
82 864
641 456
886 338
199 418
220 97
99 682
698 736
177 6
640 210
181 173
824 771
475 27
175 238
910 818
252 34
749 96
520 706
300 641
519 655
391 116
590 860
332 711
277 67
66025 679
528 915
435 688
960 99
113 573
255 520
424 591
308 166
152 387
979 635
703 235
689 318
645 34
863 289
168 655
284 118
881 93
256 882
990 415
438 857
153 639
490 37
249 811
732 239
215 814
371 487
516 991
453 729
369 217
701 986
999 611
471 300
505 337
825 207
926 115
362 704
611 533
175 838
113 767
403 858
850 493
15 399
466 457
194 319
188 444
339 234
354 190
381 877
657 724
410 765
924 726
859 389
951 122
551 290
271 613
994 264
577 467
871 44
649 204
554 668
940 707
183 588
751 458
279 714
921 107
524 609
494 191
314 0
390 4
729 736
117 631
432 61
204 448
309 158
993 474
426 688
914 317
818 110
152 864
524 23
793 225
622 68
446 993
671 133
54 410
694 82
570 186
438 661
684 649
334 454
490 88
500 663
151 690
931 314
275 271
429 151
217 311
266 898
954 260
592 197
593 611
605 322
454 261
988 43
255 408
133 277
732 835
488 490
833 462
618 903
442 501
865 554
658 243
493 834
796 84
72 109
797 269
799 572
122 482
313 418
302 98
992 990
911 319
589 950
898 235
921 671
107 680
729 203
490 646
145 691
578 746
821 157
980 524
948 119
292 770
206 669
962 532
143 695
283 904
332 118
265 455
214 592
256 127
941 530
74 98
774 910
206 503
880 342
365 440
667 471
749 764
482 713
49 949
691 270
936 596
733 329
997 699
817 89
472 348
676 62
451 809
803 516
719 204
776 197
927 279
445 676
413 823
446 164
365 908
380 579
599 992
448 531
155 446
939 352
902 970
411 404
65 831
453 589
830 827
92 349
713 913
197 598
193 673
156 441
361 333
974 170
226 805
113 854
596 125
905 511
612 685
428 111
800 433
344 404
849 546
731 16778035
472 942
219 360
612 259
656 876
963 474
231 808
8 593
379 705
754 153
286 372
957 810
887 580
696 427
970 18
164 582
969 517
825 187
79 986
7 316
617 861
280 450
518 201
293 494
920 372
630 130
731 327
133 881
846 932
109 523
48 600
231 598
253 820
493 666
529 382
643 5
932 414
907 395
662 23
648 418
973 623
581 267
244 342
846 170
838 207
15 993
268 708
684 544
84 580
73 251
155 766
603 632
387 205
494 99
368 900
433 157
767 820
183 338
913 459
431 394
967 103
214 618
766 380
723 652
629 578
172 900
636 602
983 221
175 682
723 987
51 887
992 282
641 563
313 711
136 192
672 268
570 588
541 141
68 405
392 190
301 961
517 826
559 162
288 296
641 385
456 240
349 425
801 534
788 196
348 572
497 974
338 405
780 455
778 44
584 800
823 808
502 293
757 70
787 355
965 934
128 203
47 586
512 968
167 584
408 762
643 626
962 611
988 347
906 793
988 201
653 882
718 955
413 180
107 669
14 491
128 738
847 678
938 914
764 499
982 844
382 530
195 149
519 920
309 97
708 325
572 825
443 456
189 254
796 801
175 933
957 287
184 212
136 131
65 187
256 861
552 383
772 614
844 131
539 854
718 8
961 526
622 279
497 936
451 420
243 398
631 37
415 769
211 291
451 416
15 262
742 97
455 870
155 839
564 85
65 177
713 734
712 740
346 260
260 405
423 515
878 870
888 95
890 687
763 636
460 551
83 670
455 835
924 299
782 247
125 189
79 419
276 499
708 631
488 963
364 258
187 913
530 423
566 723
476 393
610 560
806 417
772 654
488 773
705 419
54 899
507 38
590 647
242 359
775 948
78 514
696 566
19 632
271 708
326 177
75 670
88 245
396 684
881 806
313 431
663 52
598 640
208 492
610 529
82 689
779 649
457 734
408 436
109 771
104 937
137 718
132 325
197 139
201 225
355 927
909 752
124 834
311 532
524 379
252 209
395 600
48 401
61 16777718
250 393
581 590
555 900
87 417
317 567
557 381
124 413
531 80
814 12
578 616
450 524
315 278
364 430
374 300
312 425
589 295
127 641
127 916
633 1
696 883
836 656
238 377
395 0
335 293
835 862
625 630
354 602
739 570
464 114
10 136
771 980
870 725
293 137
335 687
161 513
258 527
158 683
472 983
755 658
688 974
588 604
139 193
292 28
465 749
876 371
499 290
210 970
993 210
549 779
29 609
472 728
991 893
173 814
546 851
108 798
574 967
852 548
807 174
233 735
591 568
383 768
120 407
854 194
356 723
646 843
505 99
933 470
559 301
327 367
963 634
229 780
809 29
889 442
229 158
320 166
275 673
561 790
65 268
334 263
961 162
897 263
507 425
393 173
922 43
556 616
909 987
71 46
809 414
523 135
294 652
34 760
583 334
476 508
814 155
155 0
871 110
869 741
459 130
803 132
640 897
589 757
551 73
993 169
823 480
300 569
32 142
567 303
106 234
517 762
223 718
997 440
518 990
387 509
73 770
292 742
641 907
946 413
273 307
228 369
929 788
89 70
228 355
982 104
36 33
567 97
900 511
179 776
629 35
299 879
437 59
627 753
918 873
866 72
139 839
183 606
40 601
253 523
114 630
216 249
165 882
528 244
437 548
429 51
302 83
780 120
160 84
449 212
757 479
685 162
965 290
139 409
901 487
709 3
139 640
148 312
349 744
96 417
338 886
349 424
464 281
190 632
528 593
574 935
352 532
693 674
15 14
551 618
854 341
100 903
197 76
531 378
812 197
456 271
91 245
712 835
339 251
755 218
815 552
457 908
189 54
735 888
234 882
77 540
392 449
402 345
525 204
306 30
120 807
400 599
169 32
55 633
648 807
739 885
963 621
590 606
454 612
316 534
698 855
344 251
273 163
80 424
697 351
487 305
551 216
186 150
542 40
37 812
608 920
702 744
595 219
241 622
208 653
638 497
312 395
729 148
760 29
777 872
719 618
307 55
310 82
47 448
295 890
771 212
392 468
390 865
498 461
896 268
685 443
329 652
607 286
671 101
357 189
483 139
976 885
318 583
444 454
568 470
533 463
882 456
19 827
869 871
992 347
370 217
62 342
427 767
542 446
442 255
359 717
408 791
956 112
904 699
258 539
318 8
290 674
527 533
490 43
268 725
615 877
539 175
190 426
414 573
145 722
319 612
975 517
554 268
282 409
615 241
615 710
284 496
516 51
981 477
158 988
647 392
875 157
392 637
231 138
718 118
812 571
56 357
75 400
498 226
636 625
637 240
171 634
446 523
75 541
126 389
671 608
546 178
319 968
955 760
104 230
928 330
207 449
739 471
463 868
202 934
465 218
119 117
635 543
498 627
548 89
85 651
223 295
992 82
142 448
782 738
321 176
143 680
127 798
96 138
301 809
104 53
501 172
349 182
848 271
454 648
606 945
770 718
333 379
33 529
409 134
992 940
43 152
331 526
989 331
879 991
117 206
54 303
472 872
902 827
57 570
700 930
642 52
77 167
698 195
245 839
207 185
923 318
606 878
757 197
465 990
288 87
8 283
59 861
108 332
919 126
915 784
607 514
814 694
653 695
340 676
113 530
358 408
985 619
283 293
250 809
811 527
550 881
198 667
270 843
974 793
730 781
378 563
478 900
773 115
943 840
94 600
263 720
297 937
29 718
374 613
65 588
544 306
654 383
713 509
601 986
724 729
657 614
739 587
951 937
962 134
720 133
348 978
48 235
188 451
761 295
327 463
421 750
872 71
177 949
611 401
566 246
580 554
941 144
585 282
838 270
239 159
76 147
421 19
463 612
382 783
500 185
87 415
89 285
78 819
132 817
332 765
156 334
717 304
296 26
124 749
71 469
468 812
320 180
285 641
771 741
660 693
622 788
854 167
13 301
116 964
845 841
831 338
225 880
412 64
410 388
551 489
480 534
414 418
641 900
670 206
842 545
254 88
539 447
602 591
40 153
467 249
542 493
677 489
371 378
33 523
232 639
612 515
987 76
600 408
208 525
241 798
513 708
251 100
750 694
802 979
294 353
457 657
270 763
231 837
593 135
431 171
481 868
576 546
644 199
412 965
267 634
476 431
968 325
604 346
582 508
539 177
613 329
886 836
669 619
478 620
739 870
15 48
994 141
209 704
212 46
220 640
354 45
120 831
72 620
371 616
923 882
191 16
999 577
459 706
709 724
152 127
298 312
255 162
710 450
729 763
627 1
759 954
260 270
363 383
936 594
439 903
687 38
349 914
788 673
174 690
308 437
398 731
224 257
51 945
335 852
696 529
61 235
873 747
847 359
473 326
528 703
575 363
516 941
795 970
864 950
946 281
825 977
38 249
59 580
929 244
675 683
171 637
526 707
498 310
426 79
306 440
726 16
486 522
405 899
730 380
360 165
72 32
699 762
726 884
585 586
844 392
66445 181
618 169
535 23
406 54
932 872
417 577
290 385
962 664
481 668
266 845
845 3
402 770
660 476
562 657
283 212
924 931
401 391
407 340
610 613
487 335
585 92
875 259
864 801
456 798
338 249
418 99
97 80
682 913
736 587
6 985
210 371
173 810
771 107
27 415
238 204
818 620
34 349
96 715
706 888
641 463
655 683
116 506
860 601
711 169
67 1
679 210
915 559
688 558
99 559
573 832
520 691
591 214
166 865
387 685
635 176
235 450
318 101
34 212
289 758
655 73
118 317
93 250
882 617
415 936
857 270
639 469
37 69
811 29
239 192
814 106
487 614
991 581
729 571
217 679
986 926
611 377
300 856
337 201
207 937
115 221
704 701
533 709
838 79
767 340
858 989
493 895
399 92
457 546
319 63
444 8
234 208
190 272
877 479
724 528
765 4
726 316
389 991
122 195
290 382
613 19
264 801
467 893
44 204
204 581
668 287
707 166
588 661
458 365
714 205
107 707
609 82
191 394
0 734
4 475
736 690
631 430
61 872
448 194
158 256
474 274
688 243
317 208
110 795
864 96
23 259
225 967
68 655
993 634
133 442
410 34
82 743
186 661
661 966
649 887
454 537
88 793
663 95
690 328
314 289
271 105
151 556
311 796
898 630
260 606
197 380
611 852
322 587
261 740
43 934
408 846
277 152
835 444
490 954
462 255
903 984
501 533
554 624
243 527
834 675
84 585
109 263
269 932
572 62
482 483
418 241
98 21
990 139
319 484
950 592
235 452
671 494
680 328
203 667
646 906
691 407
746 857
157 155
524 864
119 730
770 501
669 287
532 415
695 639
904 84
118 440
455 529
592 475
127 579
530 70
98 214
910 684
503 500
342 577
440 288
471 321
764 148
713 592
949 192
270 944
596 963
329 38
699 718
89 309
348 663
62 904
809 788
516 698
204 786
197 200
279 532
676 25
823 925
164 862
908 668
579 761
992 907
531 462
446 228
352 937
970 780
404 184
831 26
589 696
827 44
349 812
913 808
598 517
673 290
441 437
333 622
170 632
805 568
854 405
125 354
511 329
685 766
111 190
433 197
404 898
546 88
16778035 962
942 53
360 528
259 691
876 954
474 961
808 526
593 61
705 459
153 697
372 241
810 370
580 540
427 851
18 797
582 351
517 529
187 391
986 278
316 403
861 468
450 396
201 728
494 97
372 487
130 576
327 920
881 408
932 675
523 740
600 313
598 338
820 187
666 661
382 784
5 45
414 8
395 277
23 615
418 511
623 41
267 352
342 831
170 209
207 848
993 209
708 221
544 76
580 268
251 301
766 293
632 553
205 641
99 585
900 733
157 200
820 633
338 910
459 893
394 244
103 270
618 881
380 230
652 541
578 74
900 524
602 744
221 997
682 520
987 643
887 610
282 115
563 288
711 447
192 206
268 759
588 726
141 610
405 164
190 685
961 809
826 680
162 800
296 341
385 325
240 742
425 480
534 856
196 891
572 703
974 845
405 394
455 321
44 344
800 372
808 990
293 813
70 992
355 937
934 322
203 942
586 800
968 978
584 178
762 804
626 872
611 255
347 19
793 139
201 951
882 169
955 87
180 783
669 906
491 821
738 5
678 967
914 825
499 180
844 422
530 638
149 128
920 787
97 57
325 491
825 319
456 187
254 607
801 946
933 826
287 218
212 303
131 905
187 482
861 168
383 852
614 692
131 178
854 723
8 714
526 161
279 915
936 852
420 636
398 133
37 808
769 712
291 997
416 331
262 656
97 114
870 429
839 118
85 97
177 662
734 565
740 723
260 244
405 903
515 135
870 685
95 319
687 186
636 299
551 316
670 90
835 482
299 435
247 821
189 211
419 270
499 703
631 40
963 410
258 526
913 98
423 136
723 326
393 506
560 522
417 854
654 887
773 228
419 412
899 702
38 802
647 137
359 230
948 136
514 859
566 516
632 849
708 222
177 986
670 500
245 440
684 967
806 710
431 185
52 258
640 413
492 719
529 156
689 710
649 476
734 878
436 6
771 593
937 535
718 545
325 647
139 419
225 985
927 58
752 930
834 295
532 22
379 937
209 839
600 679
401 223
16777718 253
393 840
590 447
900 529
417 335
567 804
381 141
413 102
80 24
12 943
616 643
524 637
278 760
430 389
300 905
425 122
295 106
641 35
916 668
1 901
883 91
656 272
377 215
0 822
293 408
862 493
630 598
602 519
570 695
114 17
136 13
980 547
725 525
137 688
687 249
513 356
527 20
683 722
983 62
658 860
974 703
604 828
193 521
28 371
749 926
371 97
290 148
970 492
210 398
779 596
609 958
728 439
893 759
814 816
851 188
798 629
967 808
548 390
174 561
735 111
568 913
768 925
407 213
194 833
723 897
843 683
99 363
470 432
301 314
367 936
634 543
780 817
29 250
442 766
158 320
166 604
673 387
790 414
268 307
263 879
162 84
263 433
425 400
173 347
43 486
616 232
987 586
46 894
414 336
135 580
652 467
760 16
334 347
508 647
155 559
0 414
110 526
741 465
130 772
132 154
897 419
757 324
73 680
169 536
480 16
569 32
142 594
303 960
234 200
762 929
718 158
440 407
990 387
509 481
770 163
742 66434
907 57
413 447
307 636
369 442
788 455
70 324
355 858
104 768
33 689
97 798
511 536
776 694
35 302
879 727
59 791
753 491
873 299
72 468
839 713
606 383
601 156
523 833
630 864
249 888
882 759
244 648
548 4
51 92
83 701
120 963
84 494
212 304
479 36