200
45 16
48 15
34 10
40 11
5 16
7 9
2 6
3 9
13 7
8 1
39 5
17 7
45 0
12 4
11 12
2 9
49 8
23 12
14 1
24 16
4 12
49 12
21 19
9 18
48 4
27 0
36 9
18 7
9 19
17 2
2 1
42 0
12 16
13 4
27 9
47 3
13 18
15 18
16 0
35 15
31 4
4 14
29 4
38 13
4 17
15 11
9 15
13 8
38 12
17 6
47 13
39 1
6 17
31 19
15 12
3 7
29 16
48 2
25 0
2 2
31 3
49 9
15 8
17 18
6 2
22 19
27 10
39 13
48 18
14 15
9 14
27 17
47 16
31 18
16 5
12 6
49 15
44 4
9 1
1 8
43 0
3 17
5 4
6 15
41 3
21 8
8 2
19 5
32 2
3 15
11 15
45 7
39 3
6 14
12 10
8 9
44 2
16 11
41 1
49 19
31 9
38 19
47 9
31 10
20 4
14 4
2 19
35 13
18 10
24 8
17 13
44 12
20 18
35 11
15 13
23 7
16 18
35 8
16 3
36 5
30 15
22 3
29 14
48 6
46 7
5 13
1 17
7 4
21 12
25 7
3 19
40 1
9 7
32 13
14 13
11 7
0 1
43 3
28 11
29 6
18 15
23 18
30 5
2 5
46 9
43 2
18 18
26 9
42 2
42 8
30 4
25 13
34 5
44 16
3 11
18 3
8 4
46 19
33 9
26 3
30 11
18 1
6 6
24 6
43 14
38 14
6 3
5 1
8 0
22 4
12 12
5 8
22 17
45 14
40 3
20 10
36 1
41 17
38 3
45 13
1 13
36 2
30 13
3 2
21 16
23 13
4 15
36 7
42 5
7 3
3 18
17 11
1 0
30 6
0 0
27 16
17 19
45 8
43 4
47 4