400
48 116
24 91
11 57
62 103
37 48
9 33
43 112
68 119
13 65
29 38
44 78
84 22
68 51
1 59
6 57
19 32
55 88
61 103
79 13
3 108
45 68
74 19
4 72
30 47
15 40
86 5
62 84
85 39
73 113
59 61
16 40
24 81
56 54
55 42
59 40
46 100
46 109
14 6
7 24
48 84
71 6
7 13
70 29
21 32
8 46
44 43
71 20
31 84
29 45
58 83
20 97
35 55
55 64
61 48
7 9
1 62
6 113
32 40
60 40
2 31
2 74
7 44
71 36
87 103
47 118
29 106
82 40
69 93
68 16
76 43
43 45
31 9
18 29
22 46
30 14
5 118
60 90
66 9
65 116
70 72
84 111
8 71
64 6
55 99
86 118
7 109
15 49
43 87
82 4
25 63
87 83
26 66
55 28
17 115
3 25
59 92
70 66
83 51
80 114
89 33
33 113
9 88
54 106
54 107
56 117
48 18
87 24
87 85
16 66
30 33
6 112
30 89
86 19
52 71
19 26
40 99
86 108
5 51
82 32
22 12
51 89
35 63
66 20
4 56
18 12
52 75
5 104
21 40
44 3
1 1
12 4
33 16
79 15
33 55
9 52
21 34
37 22
26 8
88 47
32 42
60 18
89 50
88 1
19 88
21 24
87 57
27 97
10 58
85 82
70 35
13 60
12 15
21 69
42 18
10 105
75 44
37 84
51 22
65 67
44 106
83 67
18 0
82 34
83 94
61 69
61 72
82 105
18 64
46 23
15 24
27 2
81 13
87 66
5 62
83 14
69 118
15 77
28 46
24 45
59 31
79 48
30 93
12 36
71 32
78 2
27 88
78 50
15 94
82 20
31 115
41 58
72 3
66 90
50 52
48 114
0 75
81 75
23 67
9 45
72 96
71 18
71 113
84 119
63 2
85 20
54 87
13 42
26 42
70 5
48 117
16 18
26 63
38 74
79 8
16 71
43 23
39 119
78 103
55 103
49 21
38 98
87 37
72 13
58 30
21 98
28 101
86 10
82 57
18 34
73 7
19 57
74 95
8 68
13 23
48 67
8 69
50 92
62 20
9 103
45 62
36 2
48 59
13 13
10 1
36 1
84 69
1 84
50 25
6 104
59 22
81 94
17 20
65 20
40 23
11 6
15 116
47 4
30 21
71 25
58 89
65 36
9 40
74 106
89 101
22 83
88 69
33 60
80 39
35 78
56 44
77 4
52 73
81 43
71 84
18 74
1 69
83 25
42 82
28 29
15 62
79 91
64 95
5 95
41 96
35 115
4 112
37 77
54 59
46 12
0 44
89 51
67 63
58 60
69 23
0 95
89 57
63 52
59 43
28 43
20 58
28 47
16 7
21 9
32 36
46 94
52 102
71 11
73 80
36 43
2 56
70 15
77 24
36 5
58 48
34 101
87 50
56 104
79 94
84 41
4 119
81 96
13 6
39 37
35 14
86 58
11 79
58 76
40 87
84 67
87 30
4 0
58 8
63 63
66 64
49 77
11 51
14 27
22 51
44 12
76 86
33 43
37 102
83 57
71 90
58 102
82 68
67 5
34 84
75 61
55 29
56 20
73 95
13 119
15 101
86 0
23 8
21 87
55 84
54 61
7 48
84 101
78 36
84 83
40 30
87 25
26 54
77 71
26 11
72 11
11 37
61 106
65 60
89 62
34 32
64 33
34 67
7 56
76 69
68 19
70 62
17 108
26 73
56 22
31 31
68 64
11 25
15 42
13 18
11 63
23 92
11 100
48 2
17 96
86 111
33 28
20 5
19 5
2 95
26 88
87 99