800
51 95
159 36
145 204
15 276
160 70
61 277
162 230
2 137
113 282
119 324
102 279
179 197
133 190
11 157
129 114
50 1
196 59
91 189
34 56
172 7
15 323
54 38
70 40
130 247
140 292
166 315
76 125
184 39
75 288
19 5
87 49
176 211
132 276
86 236
95 175
157 62
143 124
135 274
16 60
160 166
97 219
112 203
169 285
54 181
86 290
175 40
78 69
135 301
33 302
8 24
166 166
113 258
190 75
8 42
190 221
19 306
65 13
123 60
157 284
155 325
4 208
72 267
78 51
33 282
85 134
64 24
89 2
169 95
53 212
186 116
154 85
188 280
170 65
146 277
8 65
15 32
150 56
173 307
63 246
195 26
158 120
135 106
198 298
180 333
76 177
157 279
130 153
43 41
94 331
195 249
162 123
84 342
60 67
87 320
73 55
176 138
6 346
172 331
199 69
59 61
188 95
112 324
112 297
111 321
59 22
30 258
187 96
167 9
119 129
93 257
116 165
149 163
195 113
40 242
27 148
110 194
195 49
52 143
187 189
16 49
179 104
149 252
19 0
67 230
125 82
112 260
96 155
117 293
111 167
138 141
82 210
124 194
58 255
152 168
42 272
72 330
109 227
157 189
91 176
69 46
32 35
40 306
86 150
102 98
185 30
43 257
131 261
85 216
50 99
93 98
135 92
76 248
57 46
1 255
169 336
88 327
134 270
12 78
188 165
120 59
65 187
107 82
40 329
138 95
194 105
67 39
49 267
127 147
78 135
198 349
86 256
26 272
81 284
5 322
172 67
108 252
47 120
17 89
40 246
11 227
161 99
1 325
104 214
39 186
78 152
15 244
139 87
43 74
136 15
34 265
172 180
98 347
179 98
5 189
163 43
63 301
41 258
199 256
84 207
20 33
176 146
114 79
191 47
92 269
74 185
124 240
22 242
73 228
189 131
113 178
169 211
39 36
1 17
174 237
173 188
103 132
44 349
7 137
169 243
149 157
161 253
106 197
120 12
146 204
21 141
114 343
123 172
11 62
161 344
110 72
52 302
176 309
99 331
143 12
171 199
77 299
4 247
53 277
100 324
116 313
67 227
67 66
15 70
106 169
121 195
198 278
135 147
86 333
107 149
178 272
188 111
69 151
163 150
77 149
25 326
176 190
103 139
162 142
6 335
140 312
65 145
7 28
135 174
169 184
53 211
143 319
11 292
36 295
78 214
65 281
191 287
142 28
185 111
167 108
120 282
194 304
25 338
8 213
100 73
155 271
1 312
143 132
34 112
51 127
173 75
178 282
94 15
53 318
90 332
91 301
118 82
164 38
49 256
50 161
39 34
25 115
168 338
89 100
80 59
10 36
152 292
15 339
126 85
5 226
136 295
150 195
86 323
41 50
1 132
21 220
30 318
126 280
80 219
134 140
37 338
96 140
39 111
121 302
47 93
56 50
29 195
31 284
114 83
74 41
193 240
184 226
83 289
120 95
187 280
38 96
193 128
53 286
171 312
175 165
185 221
11 78
55 179
167 68
56 40
166 134
153 201
139 197
5 164
199 61
111 279
168 260
4 293
82 47
98 144
170 285
28 154
145 146
152 184
61 107
66 108
14 53
26 295
32 127
3 231
44 12
102 325
164 19
87 233
39 344
157 129
1 329
0 166
79 86
134 13
58 13
63 222
138 165
2 318
12 105
151 228
127 211
46 136
75 216
128 202
75 337
197 41
173 241
125 163
168 288
171 257
141 153
63 123
81 262
91 335
106 234
152 50
7 211
89 128
157 262
176 172
159 272
152 55
198 196
124 290
82 122
78 111
7 208
50 233
76 169
83 234
144 277
78 227
141 80
54 154
73 191
184 136
91 167
136 301
27 161
147 281
21 268
87 39
152 219
7 32
82 269
20 123
198 188
65 307
168 97
45 22
160 53
30 157
54 202
148 164
21 335
83 66
106 121
78 157
151 240
48 31
147 324
52 157
149 106
49 78
57 267
86 110
162 40
164 101
192 71
131 262
11 272
117 36
17 34
179 319
53 119
188 152
113 175
189 53
85 7
30 9
168 278
145 229
29 4
64 338
42 197
151 333
142 328
64 80
89 172
70 248
145 67
172 295
106 88
14 276
165 188
40 111
12 206
110 280
188 163
44 38
196 343
183 338
157 214
107 26
51 79
111 21
124 87
78 253
150 280
95 193
125 166
47 330
197 28
181 34
5 177
14 228
101 38
155 21
49 309
87 77
78 66
157 196
51 18
54 340
152 11
175 89
147 198
20 279
78 179
153 198
184 169
198 204
75 132
146 348
142 262
3 349
163 285
125 203
131 304
154 72
17 21
128 200
4 146
33 174
65 7
79 262
97 193
118 223
167 154
183 297
60 56
2 190
142 146
75 16
63 10
177 55
106 252
115 234
115 185
159 82
72 328
161 0
182 124
71 10
73 181
196 72
170 156
136 254
169 83
53 205
3 116
51 83
190 147
38 282
67 120
190 2
91 323
80 230
43 192
199 207
125 208
156 182
151 301
36 251
6 97
42 25
164 202
97 9
103 221
48 259
71 202
9 276
30 322
45 330
155 276
186 73
159 122
63 279
140 17
150 159
131 144
91 117
141 295
149 329
68 313
107 126
99 154
33 269
115 4
139 163
127 144
33 57
138 198
19 55
144 15
191 291
195 258
105 13
127 136
130 190
191 10
52 113
17 250
116 92
103 290
1 23
96 162
149 232
71 138
146 29
178 162
46 94
69 154
162 289
16 68
167 85
95 13
146 252
184 52
146 30
66 79
39 196
44 301
77 331
164 65
82 314
9 284
12 292
91 186
198 110
17 306
29 38
171 215
78 83
146 305
90 246
172 127
84 261
141 186
74 233
122 300
163 52
191 251
89 272
92 290
174 120
123 17
187 86
173 8
191 100
126 313
21 348
54 253
57 45
33 275
68 262
17 93
46 346
155 242
52 345
40 341
42 342
172 202
194 103
156 338
158 218
195 78
82 89
46 254
6 332
122 282
194 236
186 72
178 143
149 305
53 139
134 17
41 261
22 120
169 284
72 73
2 300
147 307
130 18
46 41
86 140
29 201
131 322
33 87
68 140
181 123
40 199
172 187
112 164
177 130
41 163
76 67
117 261
156 43
116 330
133 27
191 269
188 299
54 163
72 114
162 17
68 80
53 307
90 244
161 293
122 37
111 265
19 323
193 38
65 85
90 289
24 296
180 123
64 298
121 205
81 107
190 207
185 285
38 307
140 153
107 160
147 14
2 20
32 246
111 302
97 75
94 160
147 32
181 79
88 148
198 340
172 243
65 240
45 108
153 276
129 326
101 165
5 348
26 226
3 11
23 58
67 175
122 31
101 278
169 33
197 205
52 263
145 211
177 344
167 199
95 272
82 201
111 182
87 285
167 45
11 87
98 62
167 256
69 234
111 271
106 233
39 141
10 43
159 344
135 51
80 171
56 110
87 170
153 0
162 137
138 15
161 105
150 22
127 67
127 247
56 114
31 96
165 337
138 34
94 268
131 165
16 43
93 290
119 92
27 199
133 8
49 305
12 207
44 302
184 70
119 141
9 118
168 311
72 138
163 90
159 209
38 175
118 151
132 62
43 296