1000
53 343
254 299
59 280
326 149
271 90
313 321
332 326
25 107
362 157
149 181
116 142
392 211
335 49
351 183
121 331
250 269
158 10
52 265
321 87
182 284
185 106
153 235
314 219
59 165
245 112
83 305
290 259
232 199
269 54
16 286
287 16
37 251
335 60
188 90
392 151
105 285
349 168
45 32
74 285
81 60
252 240
8 153
84 240
15 189
392 163
184 236
283 167
57 178
159 219
366 235
199 276
70 330
273 28
284 293
372 183
228 189
55 61
74 92
82 305
85 19
265 120
385 21
374 96
157 172
101 201
146 232
215 317
390 266
367 341
224 109
385 101
332 267
188 311
145 223
181 74
290 199
342 4
226 282
71 126
395 66
396 97
304 223
126 308
385 2
367 257
367 9
360 148
1 25
85 175
215 293
388 132
381 168
73 271
370 170
166 194
57 280
169 200
271 174
294 336
207 337
135 227
370 214
225 46
107 176
201 50
354 219
23 196
15 34
170 183
170 10
124 158
304 243
310 136
233 172
231 233
279 342
129 250
209 238
357 267
97 95
225 274
123 178
183 36
16 100
303 210
194 169
159 55
168 192
139 126
292 132
152 100
227 64
373 175
116 30
171 330
253 48
36 208
138 254
43 215
280 205
242 328
97 267
362 19
313 118
62 330
72 89
257 217
281 272
9 231
339 235
332 19
357 56
378 116
199 2
123 165
334 250
283 57
225 135
34 188
74 74
57 66
319 38
122 218
306 44
151 66
181 136
46 222
130 30
220 28
58 154
287 200
316 240
80 87
72 259
257 10
293 349
291 122
128 181
300 47
38 49
70 9
131 240
235 255
332 25
96 90
122 84
80 116
328 288
187 85
287 202
254 205
144 244
293 134
82 326
190 316
284 60
63 201
165 128
395 16
186 118
33 260
352 33
389 23
11 215
83 271
174 48
130 235
4 129
21 72
350 322
136 238
350 212
25 156
211 123
100 322
326 226
84 84
260 242
247 168
141 82
177 195
253 6
131 267
25 301
61 286
124 143
258 304
50 225
44 115
53 105
272 119
150 24
35 102
78 69
396 323
165 141
204 91
100 327
219 297
54 115
261 192
212 20
293 8
97 317
305 218
322 125
310 152
227 295
229 139
294 182
94 49
301 135
28 309
10 164
162 202
117 80
228 155
141 140
248 73
211 240
318 21
244 12
191 169
133 94
306 1
341 271
267 179
9 311
264 152
78 213
236 199
34 257
129 332
148 91
111 72
158 332
225 201
2 11
307 153
67 227
223 73
279 125
184 182
268 329
230 179
393 172
372 97
343 309
278 249
128 100
223 84
358 22
258 165
375 224
231 259
175 204
240 290
302 155
348 207
252 275
28 304
347 239
389 207
316 60
341 283
164 188
105 84
80 43
126 155
54 182
119 89
286 86
95 102
178 343
319 25
306 178
34 99
186 270
54 235
72 118
294 119
248 143
358 289
51 198
95 292
232 141
124 296
153 193
340 198
249 329
296 83
132 180
207 274
144 175
273 164
163 29
33 229
149 199
46 324
87 56
219 75
372 12
334 241
55 258
310 305
77 64
49 100
300 192
28 260
357 175
316 262
198 284
237 248
114 245
73 136
37 217
139 9
323 195
341 3
368 348
366 142
261 249
80 253
370 287
97 320
143 191
128 27
184 90
307 246
200 177
47 216
308 47
215 70
171 265
72 27
29 213
85 302
218 284
366 210
396 341
102 316
232 329
389 194
353 173
299 286
77 30
375 241
204 28
359 95
54 25
192 209
101 284
129 235
371 270
83 94
164 92
147 20
231 42
115 124
169 104
285 123
59 21
138 82
358 108
339 227
284 25
38 154
176 191
282 348
24 319
214 222
386 263
191 163
293 280
257 65
121 139
193 251
106 110
384 151
361 348
338 297
19 37
111 143
310 248
250 304
194 197
209 183
268 207
116 333
313 29
73 327
360 214
302 152
288 47
1 265
333 311
365 0
229 275
86 343
352 99
119 194
103 248
122 24
380 228
120 289
235 121
321 59
367 249
14 139
87 242
277 348
26 75
44 297
394 89
274 151
245 204
203 111
225 34
10 115
217 129
388 135
243 39
162 265
149 280
279 124
231 241
35 168
249 267
87 45
40 12
154 164
94 307
396 94
376 0
233 185
204 8
160 195
170 13
196 258
242 23
338 234
390 119
372 162
242 145
262 240
137 105
343 77
97 50
147 184
51 70
286 116
28 33
259 36
359 240
222 26
142 229
151 112
382 220
320 265
235 133
16 35
100 0
161 39
153 242
359 18
186 221
339 287
369 138
230 149
130 266
282 147
242 12
61 51
166 284
47 295
94 289
191 25
290 208
64 221
315 101
354 285
165 44
158 264
35 69
274 96
116 302
46 205
197 269
270 342
151 101
89 264
306 133
377 275
10 23
380 21
1 54
42 3
253 9
184 286
299 256
173 267
228 342
195 242
287 217
128 222
120 211
21 291
223 173
151 14
244 189
268 210
258 254
216 243
153 158
361 218
192 195
31 307
186 130
209 275
89 64
108 102
1 68
221 336
158 294
144 87
120 14
330 49
326 221
292 236
385 11
265 333
75 67
242 336
191 71
303 293
42 224
234 131
202 94
135 200
86 230
174 21
143 38
332 257
6 123
6 169
46 20
79 8
66 344
13 163
122 6
135 261
42 87
17 319
108 239
348 55
208 270
311 127
32 151
314 43
329 62
277 53
7 288
389 297
351 172
375 339
35 311
223 335
354 167
123 61
382 107
211 3
386 79
212 144
180 162
286 74
87 306
315 242
324 50
49 259
42 209
345 139
163 187
64 340
265 1
334 16
233 230
150 162
182 221
221 200
193 237
191 75
264 186
46 125
284 196
41 11
27 194
321 240
354 117
359 115
323 227
147 95
123 98
148 66
234 330
193 199
276 226
245 200
183 4
251 253
254 300
86 118
276 295
197 340
125 271
180 14
146 33
54 28
27 12
98 324
35 261
108 185
326 66
37 262
62 4
293 75
126 250
104 54
270 103
295 321
281 155
137 154
179 343
298 231
94 249
42 75
223 108
312 293
397 74
145 270
202 71
180 84
166 273
120 70
271 58
128 285
157 277
398 54
253 94
165 298
92 345
51 84
391 114
191 193
177 219
0 66
309 144
255 76
44 128
317 269
160 335
55 298
66 68
57 268
186 12
321 9
29 23
326 275
147 210
377 84
361 314
330 262
277 118
206 247
201 340
143 173
41 187
245 258
352 334
340 331
112 76
309 241
344 167
58 160
219 151
76 261
47 190
23 318
19 98
265 58
213 267
39 31
370 305
112 331
31 238
166 327
88 128
186 171
151 233
103 113
23 167
178 326
233 308
96 292
167 59
377 67
295 161
140 209
19 240
50 79
118 184
215 287
57 184
151 257
64 87
245 10
94 309
114 238
256 315
60 8
40 319
197 231
329 250
246 139
51 149
131 165
239 199
64 179
381 295
212 126
267 95
397 239
154 274
229 311
156 271
356 325
112 271
293 161
33 31
13 155
315 145
202 117
48 286
216 134
74 76
330 116
82 74
230 208
209 193
274 255
308 251
14 161
373 95
242 261
200 162
298 317
179 202
191 45
242 203
167 264
42 227
335 133
300 206
313 187
188 279
17 180
194 263
68 40
336 98
35 203
86 309
180 274
163 247
202 191
349 30
214 15
3 176
110 133
109 212
370 43
202 28
92 333
174 30
265 144
272 141
387 26
371 52
307 248
20 65
105 262
76 81
365 6
108 168
55 349
74 172
93 128
54 55
91 282
82 101
280 5
34 197
70 108
176 278
106 301
339 56
45 227
369 272
258 275
67 208
89 115
328 115
275 79
236 171
311 217
106 71
117 105
112 322
169 57
194 163
273 55
66 253
178 148
206 114
297 48
266 274
222 70
352 294
189 269
165 79
312 40
190 274
199 299
274 299
322 268
354 213
176 169
118 12
80 2
90 217
313 313
329 262
157 265
153 74
195 60
359 183
53 240
68 325
7 213
1 96
170 59
335 240
25 136
63 92
221 168
363 86
361 207
208 117
203 287
109 167
156 22
168 99
6 88
237 129
84 296
392 121
344 56
54 261
226 297
311 211
32 325
87 83
241 326
349 194
31 313
227 337
236 281
55 56
395 329
305 238
195 47
102 335
207 45
28 174
10 177
176 128
42 26
244 184
329 97
301 340
332 167
204 51
189 160
187 41
124 226
314 288
214 211
250 290
36 156
203 135
104 162
145 198
3 257
348 224
330 234
280 24
58 159
177 318
153 95
171 221
240 341
258 284
102 168
126 119
334 208
377 256
116 252
147 138
195 106
133 294
91 184
341 220
193 232
74 85
40 0
17 125
223 302
175 55
362 180
216 105
229 271
335 202
102 61
110 338
195 91
184 177
340 322
78 211
282 316
239 309
208 107
371 304
241 117
330 254
11 342
16 197
82 46
117 120
391 39
330 243
202 278
109 263
382 26
185 88
396 18
72 150
331 81
219 149
31 128
107 308
143 228
224 277