1000
71 899
272 694
697 296
722 12
726 899
374 541
923 904
83 462
981 929
304 550
59 860
963 516
647 607
590 157
351 753
455 349
79 634
368 992
401 357
478 601
239 365
453 283
432 223
739 487
714 391
972 805
504 413
647 750
44 64
934 8
429 427
315 499
620 816
441 557
188 531
514 825
449 265
64 22
34 864
861 516
465 327
398 769
563 194
429 942
795 223
406 780
780 61
133 195
495 774
934 171
433 417
292 324
929 597
470 764
593 891
679 47
778 532
862 636
549 923
270 101
607 395
726 111
892 988
555 379
224 298
660 203
385 159
574 705
513 755
313 173
148 449
259 6
221 259
20 484
717 400
266 203
206 357
294 153
820 858
62 499
422 343
956 677
468 910
719 850
825 362
288 963
843 689
800 363
384 926
816 746
124 970
577 727
344 276
494 252
333 862
502 277
890 322
70 969
745 205
919 837
744 203
699 37
767 611
262 52
118 412
642 741
841 520
892 659
30 16
158 566
70 272
20 631
59 277
234 807
921 588
965 251
175 452
138 114
648 223
509 513
61 221
35 911
973 250
337 181
832 137
334 144
312 137
662 987
778 943
665 38
875 148
483 715
814 520
645 571
85 150
933 156
878 90
353 510
872 209
801 518
805 128
286 922
515 352
470 39
990 288
489 935
360 819
392 519
612 972
173 136
87 255
62 427
488 378
798 219
993 916
773 630
566 868
726 420
6 53
386 451
128 905
588 50
768 548
284 989
545 538
192 121
837 251
720 208
603 445
392 70
665 507
108 445
451 470
814 278
290 225
420 857
415 313
520 359
666 124
744 190
383 177
855 261
624 625
99 417
961 276
769 447
159 895
957 626
123 668
231 791
974 163
410 160
100 496
599 190
494 349
490 922
379 705
299 109
680 713
223 943
784 550
615 853
388 839
74 879
734 432
31 73
611 939
566 535
687 599
48 990
637 638
75 257
352 939
570 642
108 859
412 177
392 643
996 682
136 339
42 106
229 890
328 122
392 706
623 823
703 693
842 329
815 647
883 698
371 86
6 650
652 488
123 17
290 324
495 444
361 244
813 716
808 328
840 59
382 391
453 672
469 778
639 357
691 113
131 23
535 514
317 45
465 799
642 557
846 824
144 468
666 176
635 620
462 732
345 891
820 2
992 930
328 318
78 883
802 851
633 46
194 592
505 397
875 608
787 166
611 303
655 506
289 378
356 700
208 550
762 444
819 323
8 484
113 402
247 602
860 453
503 480
28 543
712 856
313 972
276 948
465 81
492 893
879 559
656 338
317 84
762 964
667 755
869 424
216 813
682 492
448 56
755 381
438 55
836 464
388 258
895 511
314 407
567 855
723 49
815 424
86 872
699 516
291 937
543 108
820 568
671 487
558 643
167 700
616 745
988 843
348 450
258 199
83 760
240 734
286 183
177 580
602 609
908 52
260 590
526 97
61 538
182 108
591 206
418 967
777 923
728 273
80 773
47 91
191 709
319 691
135 145
686 398
978 456
173 180
549 976
450 222
404 827
631 459
587 586
483 140
394 528
296 388
648 762
309 4
844 589
132 78
15 664
886 744
814 964
494 555
775 673
548 821
569 931
187 300
225 630
172 452
266 493
684 171
989 801
924 26
42 128
919 62
78 243
618 217
37 845
87 723
193 337
578 964
67 811
464 511
594 34
892 871
146 380
100 493
679 514
603 677
810 446
137 701
579 467
856 152
296 811
616 650
4 631
669 925
667 586
991 323
189 502
651 101
346 212
432 347
237 142
892 285
892 432
456 401
486 230
106 390
798 199
729 353
743 299
550 782
161 536
585 321
379 355
753 117
969 173
784 77
288 700
398 913
127 829
766 459
872 206
6 739
8 40
986 736
891 165
779 48
364 174
972 977
707 920
406 328
839 376
245 379
631 517
866 58
844 77
401 755
449 147
30 511
413 295
236 822
32 525
214 274
884 403
330 651
358 838
810 950
109 164
349 372
939 696
102 256
626 313
451 593
872 115
944 521
526 850
701 525
461 596
846 982
50 55
121 519
388 60
837 399
419 970
81 225
292 189
211 547
618 832
378 93
670 184
886 90
650 523
894 571
579 530
962 194
286 659
419 412
564 850
888 595
200 224
410 531
945 492
201 939
219 394
472 494
243 273
55 971
346 826
472 113
193 397
220 903
735 670
583 747
455 16
729 194
909 520
750 464
258 878
376 407
86 151
860 693
934 615
787 722
198 197
609 887
984 975
107 605
102 704
653 364
644 911
961 123
490 610
967 320
536 698
873 737
435 952
494 170
727 681
714 871
45 470
395 517
344 655
175 68
810 842
884 919
516 966
249 743
982 708
907 517
419 616
194 911
969 573
702 757
479 95
532 916
56 941
901 210
0 374
576 259
380 322
982 956
398 389
623 990
377 192
868 357
26 73
373 882
952 948
332 710
454 185
305 391
350 600
414 64
624 843
294 652
51 547
402 603
27 469
181 696
460 133
129 498
814 588
344 410
138 247
144 100
323 432
465 34
144 65
672 293
993 854
913 989
88 378
744 411
11 805
617 37
575 996
650 178
647 225
109 918
68 29
882 888
935 19
436 83
606 183
626 2
59 279
81 215
315 609
129 517
365 5
693 84
785 708
607 829
564 593
195 408
313 14
506 386
705 283
82 50
231 963
444 342
181 231
47 778
811 423
123 177
746 294
768 718
715 125
391 165
477 379
570 310
463 387
192 562
298 30
795 881
771 340
742 427
360 437
889 629
913 468
743 767
985 134
802 19
244 496
381 857
707 583
193 561
134 259
564 200
946 687
800 94
3 178
120 647
467 633
520 458
748 553
453 14
19 608
819 875
813 67
862 88
214 445
162 833
431 903
695 739
56 451
919 107
191 37
626 819
551 404
453 455
701 949
470 304
495 801
674 70
814 712
643 3
133 590
172 837
786 53
639 205
444 68
578 142
694 870
756 111
68 109
30 13
715 320
920 835
630 883
825 195
734 231
676 330
473 649
679 487
886 71
902 276
336 361
263 160
593 92
223 811
345 652
661 332
455 795
453 464
119 565
96 580
781 887
201 381
881 567
811 661
676 549
970 985
825 466
832 320
759 47
953 791
119 18
352 811
913 125
859 399
995 872
69 287
724 104
834 123
182 599
992 280
123 237
13 947
650 527
667 592
321 8
859 346
765 734
713 588
568 294
452 735
466 138
465 117
587 234
480 413
840 545
479 768
756 817
413 436
489 537
290 374
431 638
534 358
835 408
415 301
692 447
222 386
379 477
604 606
417 558
953 156
190 285
358 213
822 665
540 842
126 32
284 339
568 602
784 57
755 657
497 95
815 423
379 686
759 849
334 793
287 51
55 678
512 244
854 278
898 779
209 910
522 322
833 895
164 186
867 100
355 176
297 850
486 454
578 556
965 453
408 223
293 849
32 659
959 853
952 60
280 929
684 736
276 337
953 954
213 608
789 422
107 973
750 414
52 5
459 804
838 873
104 641
321 785
350 901
91 928
538 696
823 970
445 72
398 12
492 164
960 315
8 921
660 600
624 906
878 163
110 822
553 165
840 597
750 850
688 786
339 526
30 288
407 527
955 254
997 828
362 372
448 380
891 307
534 922
823 184
823 248
835 657
695 538
326 75
514 500
173 124
312 550
210 676
170 79
129 737
132 112
611 235
970 338
325 645
120 346
243 838
69 204
154 943
24 903
876 565
38 583
151 305
258 680
464 206
270 570
556 866
264 200
815 377
617 117
648 423
290 825
453 965
520 208
803 734
171 788
633 825
537 876
949 73
832 909
239 956
891 640
581 337
964 44
454 158
731 646
875 177
486 390
315 629
642 363
430 367
176 33
340 585
252 386
575 830
330 308
814 743
10 554
996 966
974 837
768 674
448 940
774 634
90 385
526 165
152 630
203 601
256 719
575 75
214 746
253 559
689 957
71 655
858 575
41 921
446 618
902 756
162 15
793 572
358 930
382 111
797 503
971 318
195 309
977 264
176 283
423 899
253 17
953 748
692 591
941 25
637 203
526 278
286 47
364 421
723 226
12 41
342 568
564 748
25 508
554 87
217 789
509 539
5 726
4 814
560 187
134 456
515 489
450 542
30 373
367 734
488 480
606 268
350 409
263 245
112 867
378 522
906 912
848 127
106 567
136 148
997 642
973 204
383 147
544 893
858 792
899 647
134 516
262 304
635 0
797 511
467 482
353 743
371 301
526 591
819 633
789 784
332 396
563 222
258 697
746 874
490 496
502 951
245 167
835 933
37 479
109 138
808 225
751 199
227 763
312 282
353 566
771 256
452 586
223 742
723 668
126 71
973 142
937 792
116 112
780 442
653 214
126 608
960 817
140 74
115 499
727 905
787 781
490 69
198 275
952 651
843 899
286 498
843 545
949 664
612 807
691 856
139 731
458 448
618 521
457 288
466 707
969 285
843 774
883 766
737 919
736 726
785 78
961 212
893 450
960 720
844 484
687 399
406 952
696 609
190 378
700 728
505 445
687 828
414 818
556 325