2000
103 251
73 105
538 258
78 234
2 703
895 309
936 17
628 376
16 306
843 308
910 599
40 323
605 852
68 532
976 32
697 740
317 741
60 455
958 251
732 384
946 996
683 677
268 571
267 535
850 569
546 632
729 560
905 686
758 84
769 935
744 615
471 773
357 100
314 444
778 950
930 217
215 138
867 102
553 529
851 347
258 347
744 959
118 625
285 936
568 121
279 599
309 167
283 743
598 114
298 191
700 125
335 14
239 423
472 111
263 885
780 445
991 798
837 345
815 896
973 481
689 409
405 371
558 560
812 27
634 549
421 993
957 911
404 543
203 60
626 105
703 462
479 485
483 300
168 789
619 774
553 219
299 454
828 972
749 35
994 24
504 391
658 249
150 507
848 131
972 242
328 123
775 612
395 842
381 676
185 396
162 27
632 371
484 134
939 66
665 894
791 927
464 71
466 536
477 251
172 594
161 607
523 918
217 359
2 453
781 965
49 213
908 488
611 652
318 851
699 652
226 42
417 416
218 5
404 606
667 6
904 77
297 781
794 41
595 486
793 813
763 193
24 393
921 355
609 564
88 451
548 907
416 448
880 194
222 289
441 314
121 4
827 444
662 67
366 525
311 147
522 371
391 831
245 263
97 126
843 867
298 696
29 414
51 214
213 294
844 235
721 925
230 541
750 582
215 752
870 274
363 861
501 903
105 263
561 792
932 663
16 114
363 401
559 166
780 206
240 467
668 907
723 110
57 513
272 708
132 574
811 831
817 909
530 672
401 929
691 356
218 664
321 113
989 990
265 26
385 423
504 490
798 281
871 950
428 416
18 990
805 252
869 381
336 473
199 734
919 645
228 970
116 120
46 695
23 407
148 267
411 464
878 698
714 317
999 396
302 811
867 691
610 418
595 283
416 34
127 170
820 980
940 290
384 926
430 253
65 579
79 33
538 459
721 148
417 423
40 809
471 856
956 27
603 992
486 538
153 672
184 84
638 716
234 381
311 276
42 898
395 812
107 947
511 439
186 991
585 223
877 957
559 8
748 775
56 502
909 785
475 68
803 835
966 318
694 715
90 425
705 303
46 466
920 434
672 964
680 100
651 558
260 15
486 628
428 503
457 300
105 305
606 732
135 576
309 235
241 636
439 765
500 628
960 43
613 861
199 962
172 603
192 482
349 263
308 370
508 266
510 114
489 554
674 474
660 482
849 361
275 430
984 984
298 360
834 32
154 773
99 193
117 723
70 500
945 694
913 724
451 913
368 656
886 859
335 236
348 754
60 578
763 724
340 370
996 475
44 137
225 49
979 249
996 637
295 333
256 636
253 776
818 315
165 623
991 724
613 28
189 80
325 212
618 84
794 579
746 207
951 510
303 282
745 322
81 848
626 916
129 360
112 680
888 601
719 389
445 688
596 243
967 41
475 719
392 27
932 113
491 288
361 167
119 132
204 581
899 864
270 11
820 723
643 459
502 84
828 513
456 890
973 212
491 55
864 476
812 35
937 707
431 285
300 41
966 71
924 387
771 83
885 909
227 952
60 528
755 978
742 180
479 441
30 50
825 232
219 611
942 753
289 597
327 303
7 952
855 60
841 539
40 84
878 477
652 321
413 81
0 633
923 56
771 141
120 309
824 227
556 22
23 862
372 111
427 588
169 283
896 385
27 869
539 667
569 315
39 845
348 37
381 751
53 917
67 230
428 567
832 912
571 10
239 947
866 368
234 606
692 827
609 864
546 232
428 79
262 432
741 604
579 717
601 558
27 106
208 940
737 190
755 143
408 522
109 886
515 280
349 804
463 551
692 983
366 741
586 482
477 244
213 46
184 856
317 421
421 911
441 175
662 570
518 992
427 140
330 161
199 248
556 773
514 64
942 760
287 531
453 323
182 502
392 683
77 287
512 995
795 493
423 599
653 356
308 675
740 856
237 850
94 232
502 163
932 77
106 809
637 531
726 195
561 671
550 627
697 561
427 82
692 956
682 12
757 452
563 696
371 839
575 563
745 679
19 997
183 783
29 580
648 924
125 672
15 854
134 823
155 559
789 233
802 507
921 278
85 321
51 239
329 593
496 811
758 830
268 51
483 710
738 687
617 83
161 260
158 45
465 881
93 448
423 995
869 862
485 452
119 936
29 333
68 170
255 948
574 549
433 561
30 5
663 515
670 132
835 41
287 902
270 454
518 175
872 212
243 290
357 588
866 172
9 380
493 280
53 322
234 699
953 145
169 251
108 969
1 812
475 988
451 835
222 158
966 614
473 821
565 691
698 498
238 473
62 229
29 380
729 496
608 389
293 749
764 633
554 793
168 25
360 301
376 650
329 739
413 109
586 894
155 794
771 973
443 656
285 17
242 80
763 341
170 724
708 230
127 297
585 58
565 428
866 518
776 221
6 122
59 525
58 376
549 389
17 830
290 450
493 752
686 516
509 913
455 558
943 387
251 683
960 861
415 358
322 652
809 482
613 566
9 404
834 387
732 102
283 908
417 29
831 153
896 190
29 365
62 660
302 661
878 365
616 785
5 598
152 594
85 739
615 581
429 43
809 454
670 924
58 841
297 91
698 508
87 207
491 105
497 247
344 363
434 216
360 207
993 451
267 333
195 127
116 471
88 883
208 210
781 142
934 746
466 243
287 586
461 967
704 564
559 821
654 518
325 244
105 527
866 135
68 344
179 845
931 797
587 114
974 230
927 414
750 537
365 77
510 723
897 238
420 663
112 31
839 718
409 218
10 168
176 81
50 897
61 463
213 375
820 146
380 963
726 459
379 918
960 864
374 734
27 621
726 882
388 742
299 34
756 808
804 346
75 937
662 512
776 844
522 580
589 833
418 264
705 597
940 80
53 398
839 4
163 778
422 492
683 569
156 107
888 983
623 766
547 566
447 47
782 988
593 45
988 249
407 398
143 980
122 8
810 846
195 629
833 743
414 485
429 39
856 520
308 80
546 924
408 282
902 763
447 959
34 425
715 681
155 501
234 592
324 478
465 432
983 808
781 378
779 182
818 434
871 266
968 497
990 571
842 148
851 334
889 117
630 633
760 97
496 116
689 17
819 985
617 756
6 917
967 77
704 623
946 945
394 208
268 468
82 788
329 372
605 840
141 958
269 140
253 216
51 964
900 135
519 353
161 706
854 741
567 671
851 639
438 52
713 619
592 824
55 606
950 915
37 465
755 811
782 675
153 208
703 868
707 963
743 663
595 314
143 936
437 215
684 623
820 843
67 411
540 461
548 618
615 719
738 104
427 66
874 222
716 688
354 597
166 579
220 251
14 597
746 797
186 439
148 454
381 462
24 671
624 410
610 208
838 641
629 757
142 716
424 324
566 488
700 790
85 896
549 244
578 553
95 797
100 366
523 37
546 733
642 127
644 1
161 479
193 753
117 601
258 586
649 14
927 656
694 960
953 427
507 795
47 863
109 47
917 620
800 67
801 392
766 845
776 625
64 95
626 880
403 916
425 98
244 115
319 457
312 331
936 746
741 312
13 192
733 68
891 729
308 463
4 902
271 810
484 513
55 524
375 925
943 974
201 476
10 601
630 230
553 31
955 994
844 418
900 251
702 461
192 999
86 114
538 413
283 148
377 909
511 407
50 493
984 68
132 200
387 17
44 393
978 288
147 297
743 335
733 397
777 992
970 412
743 34
690 200
490 64
581 786
216 695
322 123
798 534
977 952
990 849
649 197
98 127
326 238
311 486
598 482
973 666
59 993
598 821
278 495
69 812
138 369
362 542
230 192
915 123
407 116
308 458
294 194
986 451
293 321
60 630
952 585
99 36
274 253
380 829
253 635
220 17
838 210
11 547
344 787
884 186
616 403
4 882
729 807
273 68
297 305
141 977
780 731
451 484
647 569
385 88
95 132
934 831
155 580
406 294
135 101
52 909
243 13
615 915
468 869
312 313
569 47
347 182
736 47
420 995
426 500
156 848
420 905
460 311
544 79
425 510
371 966
784 539
608 939
852 28
693 620
247 124
252 586
877 885
470 838
583 850
307 167
574 571
908 979
605 39
908 28
588 981
652 621
939 924
783 429
532 676
350 171
245 268
12 174
108 815
300 695
843 250
666 939
926 321
839 969
898 75
601 634
593 250
178 744
931 755
520 765
415 42
285 881
498 89
424 353
519 795
308 780
129 380
399 79
141 540
557 883
426 587
958 613
469 607
749 47
200 747
787 646
900 930
108 395
223 325
816 942
767 306
476 879
624 518
82 871
90 883
774 631
302 725
763 814
730 921
462 641
676 728
536 655
260 635
330 843
660 207
196 909
148 443
318 674
537 111
507 571
750 239
731 196
126 208
784 46
224 763
547 775
844 272
399 575
942 900
759 87
305 662
788 438
597 550
713 140
867 168
914 490
504 904
570 89
825 477
469 99
975 107
765 919
219 283
225 176
803 342
570 360
980 947
800 161
459 773
141 853
103 184
528 86
145 813
733 192
48 532
714 750
646 873
781 986
798 154
612 905
34 217
237 423
696 37
352 462
717 965
610 453
293 216
251 632
105 366
258 717
234 730
703 119
309 705
17 83
376 67
306 150
308 89
599 506
323 247
852 473
532 369
32 861
740 925
741 670
455 202
251 309
384 39
996 986
677 664
571 433
535 124
569 698
632 186
560 777
686 262
84 747
935 526
615 946
773 977
100 154
444 730
950 573
217 530
138 612
102 764
529 608
347 693
347 936
959 596
625 707
936 862
121 0
599 156
167 484
743 705
114 852
191 479
125 92
14 626
423 911
111 615
885 127
445 838
798 576
345 37
896 712
481 783
409 938
371 446
560 211
27 868
549 884
993 824
911 649
543 375
60 145
105 977
462 552
485 853
300 681
789 775
774 712
219 690
454 383
972 889
35 439
24 226
391 793
249 917
507 533
131 289
242 699
123 80
612 337
842 428
676 436
396 850
27 898
371 406
134 280
66 759
894 375
927 932
71 172
536 455
251 304
594 41
607 773
918 6
359 515
453 946
965 377
213 149
488 128
652 219
851 156
652 175
42 804
416 601
5 269
606 981
6 954
77 230
781 527
41 146
486 549
813 720
193 464
393 800
355 600
564 578
451 965
907 265
448 175
194 241
289 684
314 47
4 515
444 920
67 400
525 901
147 713
371 989
831 473
263 315
126 411
867 858
696 473
414 6
214 509
294 324
235 137
925 285
541 754
582 567
752 26
274 517
861 709
903 921
263 300
792 215
663 465
114 363
401 570
166 149
206 497
467 715
907 235
110 872
513 176
708 324
574 83
831 21
909 514
672 612
929 960
356 331
664 633
113 93
990 566
26 758
423 866
490 741
281 403
950 295
416 21
990 503
252 676
381 282
473 608
734 855
645 126
970 39
120 525
695 441
407 822
267 210
464 847
698 659
317 489
396 355
811 265
691 878
418 492
283 182
34 903
170 369
980 518
290 795
926 251
253 30
579 353
33 424
459 105
148 116
423 925
809 626
856 388
27 387
992 341
538 912
672 119
84 499
716 280
381 832
276 428
898 877
812 761
947 632
439 344
991 224
223 31
957 534
8 373
775 661
502 149
785 744
68 943
835 355
318 907
715 462
425 104
303 693
466 68
434 378
964 4
100 23
558 478
15 511
628 941
503 957
300 734
305 495
732 800
576 675
235 249
636 307
765 671
628 118
43 115
861 983
962 493
603 482
482 292
263 835
370 12
266 529
114 494
554 756
474 386
482 123
361 40
430 1
984 416
360 720
32 630
773 846
193 258
723 960
500 919
694 796
724 82
913 27
656 485
859 735
236 829
754 825
578 369
724 791
370 668
475 228
137 693
49 680
249 949
637 585
333 88
636 530
776 311
315 795
623 581
724 113
28 65
80 303
212 212
84 165
579 491
207 833
510 271
282 972
322 716
848 806
916 718
360 947
680 131
601 104
389 308
688 229
243 773
41 360
719 460
27 685
113 887
288 686
167 290
132 448
581 838
864 83
11 41
723 477
459 618
84 548
513 95
890 963
212 913
55 31
476 555
35 554
707 671
285 144
41 978
71 304
387 289
83 805
909 347
952 22
528 1
978 67
180 156
441 641
50 261
232 791
611 643
753 370
597 160
303 206
952 229
60 878
539 927
84 861
477 178
321 406
81 774
633 218
56 599
141 680
309 585
227 329
22 458
862 444
111 490
588 783
283 242
385 568
869 753
667 883
315 693
845 773
37 688
751 240
917 664
230 391
567 811
912 149
10 50
947 753
368 494
606 677
827 65
864 743
232 391
79 87
432 828
604 306
717 655
558 495
106 903
940 432
190 333
143 715
522 243
886 849
280 163
804 38
551 755
983 739
741 695
482 577
244 832
46 855
856 283
421 693
911 413
175 121
570 934
992 538
140 475
161 716
248 953
773 676
64 215
760 164
531 147
323 576
502 31
683 306
287 573
995 667
493 137
599 820
356 327
675 252
856 196
850 610
232 945
163 445
77 893
809 361
531 226
195 662
671 531
627 284
561 757
82 137
956 28
12 855
452 686
696 143
839 398
563 290
679 450
997 394
783 14
580 412
924 268
672 529
854 980
823 917
559 921
233 175
507 348
278 58
321 813
239 316
593 919
811 949
830 708
51 386
710 881
687 74
83 993
260 873
45 765
881 923
448 972
995 675
862 767
452 508
936 67
333 377
170 355
948 351
549 943
561 110
5 607
515 139
132 224
41 714
902 963
454 242
175 306
212 665
290 284
588 194
172 971
380 699
280 708
322 708
699 631
145 861
251 128
969 120
812 813
988 319
835 848
158 287
614 375
821 749
691 651
498 991
473 262
229 358
380 944
496 34
389 979
749 839
633 253
793 599
25 631
301 121
650 724
739 160
109 732
894 903
794 178
973 715
656 826
17 137
80 806
341 50
724 563
230 59
297 512
58 90
428 743
518 255
221 935
122 663
525 745
376 415
389 913
830 111
450 600
752 900
516 704
913 866
558 615
387 850
683 471
861 33
358 797
652 241
482 25
566 756
404 973
387 653
102 874
908 546
29 944
153 287
190 852
365 524
660 950
661 851
365 899
785 330
598 793
594 144
739 345
581 558
43 794
454 530
924 580
841 156
91 33
508 715
207 667
105 760
247 274
363 478
216 300
207 511
451 154
333 35
127 145
471 653
883 470
210 502
142 822
746 702
243 469
586 983
967 69
564 469
821 409
518 227
244 450
527 336
135 586
344 66
845 247
797 785
114 386
230 567
414 825
537 102
77 666
723 132
238 945
663 11
31 300
718 907
218 92
168 723
81 751
897 237
463 676
375 627
146 278
963 807
459 621
918 47
864 929
734 280
621 992
882 906
742 242
34 565
808 476
346 986
937 362
512 789
844 960
580 313
833 2
264 845
597 442
80 542
398 682
4 325
778 107
492 602
569 885
107 401
983 352
766 668
566 787
47 41
988 362
45 374
249 533
398 850
980 255
8 365
846 469
629 779
743 384
485 476
39 299
520 856
80 441
924 242
282 745
763 394
959 652
425 263
681 737
501 69
592 70
478 915
432 953
808 392
378 495
182 64
434 606
266 449
497 734
571 571
148 78
334 255
117 564
633 902
97 828
116 294
17 325
985 57
756 383
917 998
77 546
623 900
945 348
208 708
468 657
788 983
372 744
840 112
958 107
140 602
216 607
964 861
135 501
353 46
706 432
741 508
671 911
639 610
52 422
619 546
824 208
606 198
915 288
465 997
811 25
675 372
208 529
868 651
963 45
663 370
314 818
936 843
215 704
623 817
843 307
411 882
461 821
618 169
719 446
104 791
66 29
222 147
688 172
597 391
579 911
251 909
597 453
797 2
439 771
454 538
462 141
671 180
410 430
208 239
641 1
757 613
716 873
324 559
488 462
790 585
896 785
244 472
553 299
797 297
366 929
37 716
733 410
127 984
1 243
479 680
753 395
601 663
586 971
14 400
656 449
960 282
427 325
795 562
863 738
47 817
620 801
67 527
392 723
845 615
625 902
95 229
880 650
916 222
98 316
115 391
457 531
331 609
746 993
312 611
192 739
68 496
729 3
463 808
902 8
810 622
513 13
524 679
925 345
974 100
476 947
601 532
230 238
31 918
994 980
418 390
251 49
461 419
999 409
114 513
413 572
148 514
909 856
407 514
493 632
68 251
200 877
17 558
393 386
288 35
297 188
335 667
397 961
992 556
412 168
34 269
200 562
64 499
786 511
695 307
123 532
534 200
952 987
849 903
197 580
127 714
238 219
486 130
482 106
666 888
993 864
821 934
495 314
812 1
369 657
542 561
192 268
123 653
116 943
458 681
194 660
451 361
321 218
630 226
585 827
36 487
253 314
829 410
635 172
17 107
210 902
547 670
787 608
186 744
403 641
882 658
807 779
68 121
305 256
977 525
731 84
484 624
569 725
88 562
132 793
831 251
580 551
294 840
101 401
909 882
13 367
915 955
869 864
313 106
47 333
182 945
47 846
995 77
500 233
848 765
905 912
311 759
79 67
510 472
966 38
539 979
939 875
28 811
620 923
124 932
586 145
885 295
838 160
850 124
167 903
571 357
979 577
39 0
28 610
981 550
621 223
924 682
429 309
676 52
171 276
268 718
174 734
815 154
695 782
250 262
939 720
321 77
969 614
75 732
634 641
250 436
744 377
755 275
765 692
42 484
881 322
89 864
353 544
795 197
780 803
380 230
79 896
540 315
883 673
587 986
613 971
607 6
47 182
747 543
646 28
930 258
395 566
325 35
942 123
306 504
879 442
518 424
871 275
883 739
631 521
725 11
814 882
921 268
641 722
728 808
655 780
635 551
843 547
207 237
909 992
443 603
674 925
111 387
571 138
239 342
196 237
208 216
46 303
763 407
775 357
272 231
575 788
900 626
87 97
662 38
438 23
550 799
140 746
168 591
490 580
904 427
89 406
477 400
99 818
107 381
919 182
283 595
176 708
342 59
360 551
947 470
161 208
773 707
853 138
184 436
86 891
813 842
192 348
532 755
750 363
873 232
986 567
154 148
905 619
217 738
423 447
37 958
462 195
965 23
453 301
216 19