3000
136 668
107 622
380 285
435 931
278 238
416 77
949 496
942 988
52 968
150 777
993 408
348 529
563 781
777 562
602 370
938 100
555 965
521 419
748 648
754 797
653 291
913 263
104 352
794 853
218 231
889 353
186 939
931 956
473 269
604 875
59 728
858 259
325 4
186 856
367 967
346 123
213 889
439 258
72 6
608 84
50 57
322 229
442 487
142 791
572 794
152 850
69 8
433 861
701 251
430 741
198 969
378 541
549 263
242 143
934 202
648 762
205 174
811 109
82 307
909 986
772 772
316 239
993 562
837 921
44 465
414 673
529 832
234 556
126 15
171 949
26 900
699 838
978 911
547 952
521 263
72 135
624 916
362 889
678 190
695 864
586 5
360 509
831 947
978 848
887 40
368 37
475 508
759 673
610 890
322 510
432 507
455 235
624 840
617 136
997 444
79 753
270 65
862 128
441 922
426 736
345 601
347 23
666 651
509 35
444 872
224 560
974 871
562 929
606 689
9 878
382 21
46 524
145 204
574 203
182 581
842 948
187 260
450 10
542 167
78 99
233 450
245 670
100 403
649 263
343 976
762 728
520 367
98 827
666 510
986 430
599 429
171 85
510 712
855 430
304 345
880 145
904 742
905 127
322 599
652 157
22 43
4 401
820 915
725 644
929 439
184 224
867 720
107 923
50 949
568 205
640 226
709 167
490 774
92 780
103 939
492 476
929 300
159 791
321 242
93 135
208 279
858 865
347 159
27 110
950 563
431 44
797 992
339 490
199 864
990 268
4 352
303 956
528 521
484 658
480 210
588 869
413 686
222 818
190 898
60 469
995 979
115 918
280 349
300 621
646 702
920 720
72 212
134 204
924 780
65 947
81 829
577 286
560 76
630 875
878 306
476 464
840 219
659 353
920 680
799 237
88 503
264 288
612 880
554 541
397 52
359 466
698 858
107 1
146 538
33 83
72 965
837 432
854 140
169 597
966 584
724 125
652 154
471 683
487 933
810 622
330 305
119 974
862 736
980 503
467 686
911 283
534 677
613 421
741 662
812 459
297 647
482 475
643 305
126 338
818 857
597 280
284 178
231 792
963 657
907 687
66 969
880 803
280 920
494 278
148 74
124 770
514 364
395 655
772 203
107 12
981 430
365 841
458 495
113 492
578 626
352 740
823 762
620 928
813 867
383 958
827 852
473 983
472 907
534 232
856 953
128 571
679 694
241 829
461 452
315 97
146 727
459 341
260 72
643 380
966 86
400 36
475 350
59 200
356 876
651 304
423 435
267 183
569 81
568 510
540 287
687 240
524 879
356 22
606 902
829 403
291 77
880 322
892 402
147 927
838 84
483 699
336 288
670 156
866 613
908 316
816 415
675 209
967 306
619 861
432 908
587 343
899 320
609 666
821 400
135 524
845 763
444 761
635 296
312 289
346 626
36 48
121 740
329 740
380 639
273 468
480 609
227 759
926 472
586 819
879 64
952 335
634 713
703 203
770 108
537 134
971 559
176 800
390 495
528 481
531 918
92 122
134 942
590 659
765 60
259 524
321 600
894 213
412 31
340 324
594 691
984 565
331 805
768 632
199 601
216 592
675 95
533 706
419 803
117 558
832 663
828 475
580 448
858 111
252 854
956 335
70 408
895 131
434 592
469 894
70 714
705 749
92 99
269 654
303 863
382 771
334 947
638 711
728 213
34 968
409 649
293 325
564 485
341 458
385 55
381 818
856 117
603 885
87 838
186 634
89 495
723 221
968 688
551 357
940 352
752 216
468 686
617 736
156 34
762 82
776 619
825 195
360 859
654 598
756 384
622 677
26 803
610 532
757 494
880 948
873 754
98 694
269 71
638 797
495 384
895 482
526 613
105 842
788 666
898 203
914 945
127 447
233 876
581 504
678 109
386 812
750 521
834 115
675 42
982 231
405 381
74 778
740 428
206 599
452 252
975 114
242 721
239 25
239 480
771 807
803 805
275 71
507 975
15 366
574 369
791 84
885 250
468 964
849 751
94 97
73 7
590 923
836 584
405 587
979 136
147 60
923 991
508 331
954 347
761 976
879 955
891 356
39 736
845 437
78 176
419 689
315 77
349 96
655 702
592 796
30 509
743 445
391 137
726 760
769 388
560 880
526 231
857 376
917 261
38 544
138 822
811 822
945 517
853 270
147 308
450 109
840 317
726 627
814 548
784 783
576 764
731 655
474 535
409 496
668 3
245 963
534 945
120 665
140 903
375 192
249 768
74 6
568 890
792 141
56 897
753 80
640 658
428 749
708 962
19 555
623 280
964 550
258 329
641 177
483 723
945 315
993 515
544 222
711 611
773 395
543 382
155 122
329 166
635 553
236 280
607 186
748 702
57 570
629 126
885 343
199 448
501 202
130 814
156 517
940 7
29 975
953 573
493 173
722 600
166 99
321 785
845 812
419 20
454 159
687 856
582 170
151 0
274 587
205 991
118 212
568 824
824 103
222 404
487 987
3 256
206 525
19 837
549 346
653 737
682 628
802 799
907 691
612 515
327 542
785 512
158 347
314 325
719 411
847 109
1 873
766 878
467 676
180 468
55 259
106 807
100 929
827 139
252 194
262 111
326 388
927 904
453 521
307 150
872 172
812 982
954 866
777 658
29 507
137 471
611 512
841 397
670 656
645 124
225 526
420 821
534 245
551 758
857 359
546 227
740 297
660 225
181 556
908 772
341 376
20 236
450 89
563 123
647 38
926 834
650 24
46 197
279 712
992 268
211 740
208 396
684 876
423 565
191 327
440 844
145 819
445 524
786 301
919 585
655 718
830 414
31 47
510 935
721 726
914 225
572 801
573 713
590 98
927 98
785 52
596 947
251 709
124 392
749 181
126 295
918 278
78 374
392 284
585 252
620 166
774 21
442 5
864 986
716 333
249 984
139 395
705 903
369 398
488 30
985 784
112 53
956 102
414 828
902 606
922 810
336 785
516 808
543 305
946 167
148 125
32 983
717 43
503 218
741 805
225 392
520 727
676 804
889 823
69 414
711 982
575 955
525 975
107 410
809 677
554 728
40 354
402 687
896 173
597 842
205 563
120 332
432 345
26 474
205 409
68 678
724 636
776 245
211 303
308 947
626 120
369 54
679 842
511 520
34 288
76 481
203 407
909 540
715 71
11 208
921 3
994 923
758 47
630 762
250 977
135 139
361 659
174 47
112 56
72 506
173 613
827 749
774 18
119 231
808 521
887 367
955 390
384 124
843 719
881 729
563 846
395 3
61 109
162 524
525 98
285 502
103 467
683 784
486 411
839 525
134 174
549 989
988 993
869 19
997 949
448 353
436 166
920 457
760 543
701 518
469 481
141 426
298 123
652 865
43 315
644 69
335 230
534 636
605 645
802 479
683 57
356 292
455 832
799 950
937 288
30 812
488 356
889 799
212 645
845 792
981 330
135 649
498 914
322 242
916 585
326 440
580 850
108 953
338 381
144 531
56 233
798 333
798 283
800 742
751 888
550 45
900 927
703 112
927 474
960 801
939 926
611 670
50 465
241 424
871 525
90 614
493 754
292 531
679 696
707 437
34 732
160 552
0 523
229 138
374 717
976 680
448 956
846 305
972 526
306 241
132 846
334 913
144 554
441 765
707 201
161 670
861 547
779 761
313 173
153 239
575 940
3 767
357 834
249 9
138 912
192 156
107 107
523 739
585 290
116 914
827 814
275 56
552 26
382 496
471 38
706 528
715 463
81 397
409 665
60 582
556 831
659 441
75 938
402 3
608 945
294 540
581 424
185 42
107 588
50 101
171 221
305 947
192 397
657 820
775 888
986 888
946 981
148 976
203 612
454 915
359 760
346 114
514 326
206 678
110 439
939 136
997 699
855 41
52 342
542 339
216 888
332 392
629 79
38 698
181 344
577 818
334 230
795 164
447 690
817 75
923 347
672 73
783 391
769 882
761 227
270 866
162 688
786 620
926 103
57 685
616 455
418 120
187 412
966 130
423 161
516 945
329 33
331 905
454 323
212 447
153 468
438 601
947 953
916 470
762 357
581 538
814 440
866 293
223 81
733 133
443 421
935 600
807 313
474 534
595 156
681 774
771 504
718 657
931 219
346 900
172 633
50 2
100 668
255 945
690 110
566 43
458 166
386 648
942 490
959 850
278 500
889 737
800 800
76 664
500 501
309 704
58 978
808 571
597 450
139 212
939 323
3 949
749 892
94 65
261 357
777 955
134 67
227 270
64 612
617 631
291 615
91 504
36 0
959 727
678 435
285 598
35 103
411 619
852 805
569 891
164 569
215 635
283 512
70 679
794 682
277 86
739 859
125 294
827 796
511 92
978 215
676 207
146 859
525 574
326 988
237 302
461 967
699 424
407 828
244 867
863 317
56 774
297 862
596 129
327 790
1 812
919 21
746 207
79 790
379 244
523 159
736 234
366 718
180 540
439 719
324 266
550 75
555 117
680 203
367 896
303 357
331 710
717 958
142 599
818 49
372 815
52 983
692 760
967 479
746 950
574 760
30 675
776 541
668 757
622 328
285 549
931 202
238 594
77 841
496 981
988 883
968 149
777 459
408 782
529 466
781 766
562 399
370 264
100 90
965 317
419 93
648 943
797 284
291 951
263 55
352 18
853 797
231 96
353 763
939 38
956 150
269 852
875 29
728 728
259 819
4 868
856 995
967 462
123 820
889 23
258 695
6 511
84 551
57 951
229 249
487 94
791 259
794 56
850 682
8 899
861 919
251 932
741 938
969 858
541 585
263 193
143 962
202 18
762 928
174 225
109 371
307 584
986 315
772 906
239 493
562 137
921 303
465 244
673 233
832 411
556 844
15 901
949 232
900 773
838 504
911 648
952 529
263 274
135 628
916 378
889 311
190 707
864 674
5 524
509 64
947 74
848 421
40 963
37 288
508 767
673 881
890 395
510 460
507 230
235 230
840 432
136 87
444 167
753 529
65 171
128 793
922 325
736 859
601 948
23 18
651 360
35 144
872 858
560 611
871 115
929 250
689 244
878 182
21 910
524 84
204 803
203 649
581 245
948 31
260 870
10 488
167 511
99 944
450 645
670 536
403 193
263 999
976 670
728 364
367 928
827 882
510 788
430 275
429 746
85 296
712 730
430 935
345 246
145 951
742 580
127 960
599 24
157 654
43 319
401 40
915 46
644 955
439 636
224 485
720 341
923 575
949 441
205 938
226 188
167 93
774 935
780 253
939 535
476 111
300 477
791 26
242 686
135 897
279 380
865 199
159 604
110 507
563 433
44 783
992 793
490 323
864 198
268 423
352 488
956 289
521 418
658 780
210 338
869 554
686 964
818 746
898 713
469 61
979 820
918 862
349 581
621 617
702 306
720 886
212 707
204 901
780 92
947 163
829 320
286 262
76 852
875 398
306 442
464 693
219 160
353 744
680 440
237 974
503 177
288 696
880 918
541 682
52 437
466 914
858 322
1 686
538 885
83 762
965 633
432 882
140 999
597 869
584 91
125 187
154 948
683 320
933 74
622 625
305 603
974 942
736 95
503 977
686 725
283 623
677 189
421 668
662 95
459 84
647 316
475 303
305 668
338 628
857 567
280 745
178 424
792 802
657 455
687 80
969 878
803 940
920 918
278 45
74 122
770 645
364 268
655 395
203 671
12 597
430 318
841 619
495 483
492 684
626 353
740 195
762 902
928 10
867 156
958 634
852 39
983 218
907 396
232 326
953 671
571 914
694 613
829 311
452 812
97 956
727 39
341 81
72 503
380 840
86 606
36 710
350 718
200 337
876 746
304 681
435 131
183 603
81 37
510 908
287 123
240 859
879 128
22 219
902 903
403 543
77 270
322 175
402 479
927 946
84 735
699 372
288 266
156 402
613 543
316 523
415 111
209 41
306 532
861 648
908 240
343 639
320 516
666 117
400 394
524 398
763 844
761 334
296 670
289 380
626 913
48 59
740 458
740 21
639 299
468 433
609 401
759 823
472 310
819 489
64 215
335 916
713 848
203 223
108 222
134 788
559 765
800 677
495 524
481 264
918 6
122 893
942 186
659 896
60 917
524 427
600 678
213 670
31 194
324 793
691 714
565 48
805 546
632 328
601 883
592 874
95 595
706 141
803 147
558 601
663 201
475 162
448 967
111 929
854 324
335 513
408 922
131 920
592 304
894 453
714 328
749 57
99 611
654 777
863 52
771 555
947 394
711 646
213 714
968 911
649 581
325 882
485 70
458 645
55 150
818 819
117 867
885 968
838 662
634 728
495 813
221 245
688 25
357 393
352 536
216 373
686 954
736 598
34 263
82 30
619 147
195 189
859 629
598 957
384 643
677 398
803 640
532 452
494 168
948 495
754 427
694 940
71 273
797 162
384 61
482 23
613 253
842 500
666 9
203 766
945 729
447 919
876 508
504 173
109 766
812 872
521 129
115 586
42 944
231 866
381 896
778 737
428 440
599 153
252 643
114 963
721 451
25 240
480 328
807 210
805 1
71 164
975 746
366 519
369 559
84 798
250 567
964 916
751 269
97 253
7 315
923 250
584 64
587 369
136 988
60 725
991 713
331 313
347 997
976 707
955 733
356 495
736 283
437 64
176 859
689 887
77 611
96 701
702 313
796 371
509 714
445 404
137 535
760 481
388 938
880 254
231 642
376 171
261 588
544 126
822 819
822 518
517 825
270 915
308 734
109 684
317 671
627 73
548 587
783 43
764 803
655 328
535 952
496 563
3 737
963 36
945 84
665 668
903 893
192 860
768 422
6 270
890 438
141 387
897 780
80 591
658 229
749 930
962 349
555 88
280 858
550 867
329 543
177 0
723 392
315 335
515 425
222 535
611 460
395 298
382 819
122 396
166 730
553 658
280 81
186 609
702 489
570 524
126 412
343 930
448 770
202 510
814 889
517 801
7 828
975 894
573 895
173 484
600 226
99 945
785 117
812 973
20 803
159 973
856 394
170 321
0 418
587 312
991 907
212 907
824 804
103 559
404 993
987 326
256 45
525 56
837 752
346 478
737 387
628 552
799 754
691 719
515 600
542 573
512 674
347 140
325 292
411 45
109 889
873 74
878 154
676 854
468 4
259 403
807 694
929 659
139 243
194 187
111 990
388 189
904 331
521 238
150 606
172 400
982 78
866 632
658 161
507 498
471 214
512 939
397 359
656 528
124 174
526 701
821 665
245 889
758 121
359 152
227 159
297 576
225 384
556 352
772 619
376 286
236 216
89 32
123 420
38 758
834 346
24 222
197 812
712 999
268 2
740 50
396 82
876 517
565 888
327 802
844 648
819 809
524 98
301 73
585 21
718 476
414 584
47 156
935 325
726 144
225 958
801 548
713 836
98 840
98 926
52 463
947 79
709 794
392 275
181 438
295 251
278 948
374 271
284 896
252 436
166 852
21 535
5 478
986 600
333 455
984 625
395 869
903 385
398 731
30 652
784 415
53 70
102 269
828 280
606 514
810 90
785 412
808 762
305 656
167 652
125 339
983 370
43 16778149
218 909
805 779
392 157
727 45
804 845
823 599
414 275
982 67
955 567
975 246
410 233
677 578
728 912
354 373
687 104
173 552
842 172
563 858
332 741
345 814
474 585
409 698
678 943
636 57
245 858
303 612
947 28
120 956
54 245
842 195
520 260
288 604
481 566
407 792
540 148
71 427
208 705
3 390
923 229
47 974
762 292
977 61
139 251
659 719
47 387
56 583
506 62
613 419
749 426
18 165
231 380
521 36
367 30
390 635
124 100
719 216
729 372
846 816
3 565
109 777
524 713
98 376
502 989
467 540
784 466
411 458
525 10
174 256
989 921
993 85
19 705
949 11
353 327
166 122
457 955
543 8
518 13
481 546
426 190
123 177
865 245
315 433
69 931
230 254
636 105
645 200
479 272
57 528
292 713
832 867
950 830
288 463
812 0
356 796
799 579
645 941
792 119
330 142
649 833
914 768
242 873
585 484
440 501
850 580
953 390
381 656
531 143
233 208
333 524
283 898
742 611
888 305
45 148
927 498
112 952
474 514
801 1
926 655
670 71
465 141
424 512
525 443
614 55
754 805
531 73
696 19
437 724
732 385
552 873
523 856
138 363
717 613
680 376
956 216
305 704
526 280
241 652
846 646
913 544
554 95
765 812
201 30
670 223
547 473
761 157
173 354
239 204
940 120
767 721
834 879
9 128
912 254
156 227
107 864
739 666
290 910
914 364
814 235
56 229
26 47
496 473
38 119
528 848
463 821
397 403
665 324
582 166
831 344
441 766
938 523
3 812
945 218
540 378
424 386
42 734
588 189
101 709
221 497
947 242
397 563
820 119
888 143
888 979
981 660
976 356
612 422
915 87
760 51
114 526
326 987
678 601
439 41
136 616
699 815
41 344
342 329
339 284
888 681
392 670
79 611
698 342
344 113
818 698
230 274
164 39
690 686
75 639
347 581
73 435
391 313
882 146
227 633
866 875
688 728
620 984
103 509
685 860
455 60
120 30
412 581
130 102
161 651
945 527
33 384
905 893
323 751
447 121
468 354
601 124
953 525
470 304
357 963
538 301
440 783
293 570
81 37
133 994
421 730
600 354
313 858
534 47
156 801
774 613
504 204
657 54
219 296
900 655
633 411
2 82
668 642
945 519
110 716
43 756
166 615
648 475
490 977
850 351
500 605
737 727
800 177
664 714
501 5
704 126
978 410
571 821
450 181
212 437
323 827
949 471
892 447
65 843
357 714
955 41
67 490
270 67
612 798
631 897
615 889
504 517
0 750
727 881
435 499
598 669
103 144
619 909
805 857
891 866
569 154
635 192
512 299
679 664
682 13
86 719
859 324
294 751
796 589
92 132
215 361
207 785
859 739
574 12
988 798
302 48
967 914
424 570
828 473
867 326
317 173
774 962
862 429
129 899
790 208
812 335
21 761
207 315
790 11
244 406
159 94
234 725
718 402
540 928
719 860
266 461
75 655
117 396
203 733
896 99
357 374
710 235
958 632
599 10
49 312
815 2
983 208
760 297
479 281
950 235
760 179
675 542
541 859
757 533
328 257
549 566
202 372
594 701
841 920
981 464
883 565
149 317
459 739
782 905
466 707
766 970
399 761
264 923
90 352
317 216
93 479
943 427
284 683
951 486
55 709
18 978
797 389
96 408
763 151
38 117
150 173
852 299
29 533
728 174
819 893
868 684
995 452
462 641
820 490
23 49
695 923
511 783
551 327
951 246
249 966
94 670
259 931
56 138
682 654
899 903
919 430
932 799
938 191
858 215
585 960
193 518
962 848
18 15
928 147
225 952
371 703
584 252
315 612
906 326
493 835
137 615
303 117
244 242
233 720
411 822
844 654
901 676
232 550
773 545
504 615
648 70
529 426
274 591
628 544
378 56
311 564
707 318
674 33
524 885
64 65911
74 710
421 130
963 660
288 940
767 983
881 125
395 728
460 512
230 150
230 215
432 176
87 105
167 988
529 187
171 648
793 805
325 559
859 343
948 726
18 939
360 207
144 300
858 174
611 112
115 362
250 274
244 118
182 339
910 105
84 282
803 106
649 969
245 88
31 938
870 250
488 314
511 530
944 389
645 311
536 226
193 699
999 368
670 434
364 385
928 884
882 646
788 189
275 371
746 219
296 725
730 727
935 609
246 840
951 638
580 860
960 630
24 65
654 233
319 563
40 211
46 47
955 607
636 175
485 60
341 374
575 207
441 775
938 681
188 689
93 386
935 430
253 413
535 636
111 374
477 531
26 330
686 48
897 886
380 769
199 931
604 250
507 48
433 360
783 928
793 900
323 502
198 746
423 974
488 859
289 918
418 248
780 797
338 80
554 898
964 723
746 120
713 743
61 377
820 571
862 833
581 571
617 180
306 891
886 258
707 615
901 689
92 515
163 980
320 838
262 452
852 444
398 380
442 21
693 713
160 616
744 417
440 996
974 147
177 832
696 520
918 592
682 672
437 947
914 560
322 524
686 586
885 694
762 238
633 219
882 40
999 822
869 250
91 976
187 219
948 656
320 560
74 142
625 314
603 586
942 992
95 768
977 502
725 887
623 766
189 746
668 503
95 407
84 211
316 46
303 445
668 36
628 258
567 193
745 223
424 518
802 348
455 779
80 560
878 488
940 117
918 979
45 405
122 169
645 492
268 784
395 32
671 532
597 271
318 336
619 16777920
483 24
684 941
353 429
195 814
902 385
10 986
156 27
634 514
39 29
218 62
396 428
326 652
671 824
914 798
613 973
311 220
812 968
956 161
39 398
81 250
503 50
840 845
606 45
710 526
718 795
337 736
746 27
681 602
131 480
603 655
37 702
908 163
123 798
859 715
128 334
219 780
903 610
543 782
270 848
175 66
479 627
946 874
735 829
372 641
266 883
402 667
543 628
523 853
111 154
41 80
532 84
648 10
240 11
639 894
516 827
117 149
394 804
398 845
844 354
334 457
670 74
380 433
913 127
59 75
458 955
21 354
299 73
433 710
401 619
823 356
310 39
489 256
215 728
916 864
848 322
223 667
222 213
788 937
765 6
677 772
524 82
264 104
6 389
893 343
186 851
896 353
917 116
427 562
678 917
670 227
194 260
793 45
714 276
48 404
546 347
328 281
883 696
874 514
595 392
141 766
147 314
601 683
201 354
162 635
967 244
929 471
324 898
513 602
922 431
920 137
304 500
453 937
328 610
57 313
611 946
777 298
52 666
555 157
394 321
646 739
714 700
911 211
581 930
882 199
70 661
645 984
150 786
819 700
867 299
968 772
662 418
728 187
813 985
245 196
25 856
393 835
536 935
373 92
954 702
598 71
263 105
30 725
147 458
189 514
629 708
957 609
643 609
398 705
640 930
452 0
168 274
495 411
427 507
940 858
273 598
162 654
61 741
23 644
253 100
500 966
9 15
766 128
729 669
919 72
508 638
173 297
766 104
872 714
129 320
586 899
944 840
866 519
896 371
737 841
440 601
153 416
643 367
963 780
451 398
240 294
328 608
210 795
1 838
164 850
746 445
519 694
559 306
798 365
567 92
916 346
269 169
253 512
315 284
250 880
64 989
369 861
988 441
725 510
713 611
313 876
997 987
707 156
733 270
495 775
283 775
64 928
859 941
887 22
611 292
701 11
313 96
371 683
714 47
404 729
535 23
481 503
938 433
254 469
642 236
171 220
588 372
126 627
819 212
518 369
825 1
915 188
734 305
684 26
671 885
73 478
587 371
43 797
803 279
328 553
952 866
563 989
737 75
36 683
84 974
668 259
893 330
860 236
422 592
270 504
438 952
387 747
780 806
591 708
229 333
930 63
349 986
88 794
858 229
867 607
543 148
0 586
392 976
335 411
425 627
535 854
460 330
298 33
819 248
396 541
730 716
658 929
81 884
609 931
489 649
524 16777632
412 580
930 831
770 946
510 241
889 316
801 699
828 642
894 103
895 242
484 184
226 323
945 509
117 238
973 48
803 231
973 326
394 281
321 361
418 328
312 757
907 651
907 249
804 825
559 927
993 794
326 717
45 666
56 740
752 194
478 216
387 952
552 825
754 720
719 130
600 754
573 729
674 622
140 134
292 358
45 743
889 307
74 35
154 730
854 454
4 55
403 324
694 331
659 137
243 531
187 745
990 401
189 891
331 383
238 35
606 33
400 992
78 874
632 387
161 882
498 58
214 54
939 380
359 896
528 222
174 273
701 165
665 988
889 484
121 245
152 56
159 418
576 922
384 289
352 446
619 498
286 162
216 118
32 280
420 792
758 543
346 203
222 935
812 316
999 252
2 985
50 117
82 698
517 213
888 271
802 697
648 267
809 876
98 335
73 808
21 706
476 301
584 967
156 23
325 728
144 443
958 770
548 561
836 64
840 817
926 700
463 287
79 956
794 281
275 490
438 795
251 334
948 432
271 447
896 980
436 880
852 504
535 232
478 550
600 252
455 421
625 385
869 175
385 573
731 497
652 293
415 498
70 989
269 376
280 915
514 480
90 972
412 156
762 163
656 130
652 847
339 450
370 61
16778149 744
909 278
779 844
157 619
45 526
845 757
599 77
275 569
67 81
567 517
246 855
233 52
578 238
912 440
373 600
104 697
552 963
172 704
858 145
741 801
814 836
585 505
698 910
943 843
57 160
858 570
612 793
28 546
956 394
245 239
195 767
260 883
604 688
566 562
792 729
148 569
427 47
705 710
390 829
229 25
974 517
292 267
61 666
251 222
719 237
387 693
583 351
62 141
419 127
426 877
165 892
380 114
36 358
30 630
635 216
100 865
216 304
372 753
816 906
565 350
777 297
713 329
376 255
989 454
540 72
466 970
458 20
10 856
256 296
921 959
85 813
705 256
11 786
327 448
122 132
955 452
8 755
13 889
546 967
190 274
177 763
245 963
433 104
931 446
254 588
105 452
200 477
272 767
528 369
713 197
867 696
830 703
463 588
0 627
796 751
579 999
941 638
119 447
142 805
833 224
768 163
873 590
484 159
501 347
580 347
390 793
656 938
143 291
208 582
524 806
898 701
611 114
305 429
148 27
498 102
952 988
514 236
1 789
655 325
71 882
141 684
512 550
443 629
55 104
805 137
73 829
19 421
724 702
385 190
873 835
856 880
363 879
613 991
376 62
216 221
704 909
280 213
652 738
646 367
544 579
95 646
812 443
30 318
223 298
473 746
157 756
354 477
204 357
120 727
721 531
879 834
128 677
254 302
227 498
864 634
666 581
910 195
364 664
235 674
229 271
47 849
473 942
119 398
848 861
821 516
403 979
324 926
166 745
344 69
766 600
523 28
812 517
218 914
378 508
386 655
734 836
189 755
709 777
497 571
242 303
563 237
119 814
143 303
979 449
660 371
356 507
422 734
87 108
51 360
526 848
987 246
601 753
41 455
616 574
815 740
344 444
329 204
284 444
681 662
670 741
611 336
342 612
113 591
698 617
274 136
39 19
686 855
639 862
581 910
435 501
313 537
146 819
633 999
875 134
728 587
984 582
509 59
860 698
60 25
30 388
581 41
102 54
651 474
527 12
384 120
893 260
751 945
121 276
354 175
124 379
525 246
304 475
963 142
301 781
783 114
570 309
37 378
994 375
730 215
354 131
858 53
47 413
801 373
613 512
204 788
54 835
296 462
655 772
411 919
82 269
642 16777972
519 277
716 872
756 309
615 457
475 645
977 215
351 510
605 693
727 165
177 87
714 108
5 602
126 231
410 267
821 733
181 571
437 160
827 593
471 109
447 544
843 871
714 386
41 465
490 374
67 836
798 646
897 16
889 404
517 118
750 574
881 485
499 479
669 659
144 512
909 87
857 951
866 677
154 271
192 473
299 112
664 63
13 488
719 298
324 162
751 196
589 383
132 38
361 602
785 544
739 303
12 835
798 87
48 973
914 909
570 349
473 781
326 919
173 214
962 258
429 173
899 976
208 580
335 998
761 83
315 566
11 798
406 65
94 902
725 712
402 573
928 796
860 332
461 140
655 887
396 16
733 812
99 548
374 751
235 399
632 146
10 516
312 291
2 304
208 894
297 813
281 389
235 639
179 493
542 502
859 499