4000
169 301
909 0
222 754
791 336
554 928
705 168
961 138
488 616
320 903
689 629
844 187
424 492
752 974
255 31
228 323
180 231
26 460
214 706
537 588
777 912
128 365
143 905
707 955
89 169
354 137
463 830
411 146
189 425
956 827
207 371
373 903
246 915
62 418
291 565
957 531
763 716
979 108
243 907
591 755
598 665
842 822
901 155
997 834
766 38
344 229
25 758
597 533
350 272
573 608
795 543
465 125
421 925
91 659
13 183
605 401
749 959
418 726
786 4
348 322
612 132
854 564
996 173
659 917
862 97
687 60
407 936
101 204
64 122
816 52
716 693
581 205
918 83
240 377
927 264
191 129
591 307
717 584
897 859
608 743
628 124
668 336
62 761
280 511
108 764
34 221
408 956
407 463
122 175
606 439
691 384
702 993
509 410
996 337
63 614
330 379
368 961
76 667
257 594
172 6
680 482
761 632
170 53
116 919
249 80
107 872
399 300
41 401
513 90
125 7
551 494
306 713
675 625
303 812
744 34
928 169
781 317
309 116
106 247
258 765
130 521
703 4
234 739
48 985
921 242
599 74
976 813
856 777
84 308
342 365
530 938
844 855
514 181
359 104
343 899
530 946
470 88
650 228
565 221
779 129
462 331
746 619
747 904
356 587
236 537
783 285
416 953
504 674
696 625
653 94
266 625
148 548
148 549
108 302
855 755
42 665
735 764
726 320
992 434
95 144
947 785
748 364
225 216
637 450
783 378
537 645
50 296
9 180
149 81
997 51
289 373
557 641
517 590
67 922
934 248
575 126
672 931
27 458
806 423
721 453
334 807
417 453
128 344
991 131
401 732
373 364
611 666
28 553
991 961
593 2
982 61
518 199
276 960
174 255
30 525
685 940
853 689
839 742
724 923
656 671
703 957
356 495
588 483
608 650
678 508
728 502
639 303
858 705
262 800
875 579
258 266
674 79
718 671
106 640
85 742
779 522
495 853
898 534
709 927
663 90
809 199
264 664
898 662
981 510
543 482
116 14
945 647
278 790
478 810
193 571
716 308
887 850
394 459
319 400
557 127
547 18
490 180
522 863
310 923
254 620
902 982
248 816
500 692
74 210
792 337
70 23
912 74
654 809
656 384
235 844
205 771
522 27
230 232
724 2
380 822
725 29
532 381
687 1
891 448
319 153
258 589
144 621
457 363
39 997
408 483
863 452
980 802
374 923
183 782
87 355
708 886
425 712
569 703
217 722
109 988
20 421
348 78
815 283
233 445
146 464
723 645
17 407
771 652
29 268
909 892
268 25
149 204
836 324
716 843
918 425
403 408
96 260
711 723
619 298
302 152
63 777
777 774
579 957
722 315
705 996
839 338
449 484
48 351
421 507
158 338
238 695
44 595
453 904
331 317
924 251
824 341
94 880
921 573
795 718
232 572
993 333
350 465
648 964
540 928
556 348
646 131
689 645
865 925
978 496
671 59
930 860
448 356
527 237
147 227
443 370
261 162
773 414
921 793
479 601
90 559
905 151
413 343
615 754
186 567
239 931
531 558
669 143
78 868
562 760
856 487
970 425
27 683
605 126
209 785
392 827
577 427
509 436
26 430
728 101
582 481
20 323
657 293
5 483
945 502
383 809
88 586
815 995
999 687
728 39
510 473
202 442
514 668
158 403
998 559
36 832
957 114
320 231
894 689
635 791
770 745
390 960
522 91
324 24
212 519
904 704
759 603
253 311
596 515
629 773
177 771
684 690
704 475
358 895
269 274
621 653
528 270
199 5
247 747
904 289
184 83
805 585
69 20
25 128
616 688
378 408
890 977
342 714
239 291
563 75
444 519
324 644
756 845
875 953
990 937
795 396
459 2
85 666
655 287
294 190
86 930
310 925
801 802
52 82
769 619
280 443
491 465
473 12
13 957
696 26
656 454
301 554
910 228
617 379
678 530
972 394
77 10
79 157
983 205
684 801
991 771
141 655
891 399
91 301
580 654
392 361
20 730
630 36
361 667
721 836
169 821
731 930
918 719
23 614
452 91
944 407
160 82
690 584
228 946
337 119
832 242
673 383
499 604
750 480
963 548
165 902
801 641
915 592
192 642
692 25
791 467
902 108
789 376
688 548
261 137
437 442
634 278
933 658
917 557
765 824
589 130
470 351
189 342
628 538
44 851
624 639
65 518
392 640
414 574
109 84
927 181
678 78
106 885
83 508
41 940
76 139
438 923
66 712
286 683
878 226
642 977
266 311
442 836
685 340
362 548
147 177
265 621
947 667
159 205
178 700
208 586
217 24
199 463
139 730
988 65
202 479
104 141
818 952
497 652
277 374
449 497
440 25
724 482
502 681
498 102
260 217
697 359
253 449
351 311
319 59
830 63
270 416
185 790
695 388
446 71
336 743
53 342
846 581
928 124
894 425
314 537
584 725
965 138
153 749
631 51
688 877
221 126
283 527
819 556
995 658
914 140
326 48
803 330
203 942
372 850
275 801
360 421
390 639
35 371
643 20
335 290
541 270
512 109
346 363
271 705
797 18
165 12
311 487
590 198
265 955
960 301
629 547
876 996
830 55
412 915
357 262
710 429
157 312
160 509
90 612
60 915
629 172
638 14
187 557
860 706
303 683
469 828
772 229
125 755
808 821
936 570
222 771
868 355
498 290
796 998
746 722
963 730
467 808
878 883
914 123
549 173
501 872
387 656
120 249
699 220
908 465
158 7
997 443
874 749
971 708
461 351
684 277
779 183
39 830
372 459
588 344
154 640
259 17
769 416
922 837
143 167
698 195
966 771
812 6
584 314
272 749
531 521
263 694
637 794
522 54
713 293
601 283
658 706
497 758
384 613
256 595
329 932
963 275
426 581
90 788
646 547
473 815
629 99
515 219
385 410
2 816
669 505
946 534
839 228
511 23
639 159
35 418
848 569
397 809
7 798
391 182
730 432
630 825
180 854
767 165
126 136
856 132
415 697
445 520
262 853
349 420
47 909
4 802
389 465
985 726
824 958
571 178
767 976
551 307
319 425
949 980
60 331
605 235
999 570
988 801
218 486
275 237
64 56
273 611
824 258
856 328
627 700
86 601
939 516
957 613
55 325
52 873
340 380
519 803
647 471
597 1
320 822
537 282
17 967
252 469
888 845
888 672
576 840
456 876
759 571
782 472
803 778
668 722
446 994
320 269
684 918
594 40
675 46
759 507
642 419
947 904
37 913
643 31
472 603
569 721
458 526
715 594
620 343
222 937
577 838
942 210
385 71
666 974
945 902
622 152
853 827
200 276
752 406
431 355
523 317
145 994
828 484
357 676
737 524
504 757
262 367
3 720
891 499
28 691
514 389
716 602
663 480
218 241
537 62
710 582
576 253
736 846
919 342
58 94
491 467
835 557
749 598
638 345
757 874
570 143
327 532
851 223
499 841
505 55
455 871
223 863
656 556
959 796
33 252
83 209
626 185
671 11
613 35
894 76
709 811
171 882
352 146
49 369
191 783
396 342
59 385
626 797
122 778
28 662
802 157
449 827
829 873
765 390
918 205
805 120
811 334
615 525
580 304
784 302
747 818
365 791
156 877
558 434
815 878
760 395
811 25
387 974
893 360
3 30
753 429
850 135
73 805
518 54
260 333
279 40
512 329
179 152
651 947
341 573
142 456
804 11
739 81
40 889
17 121
803 403
998 50
725 528
140 294
24 519
663 354
901 813
774 645
670 778
631 146
46 926
224 985
870 822
219 341
74 259
810 802
947 741
788 901
342 851
302 745
181 566
854 47
308 535
460 197
575 390
281 890
425 957
284 649
40 44
979 76
64 990
751 387
53 948
284 944
61 511
23 677
333 43
920 333
299 594
906 3
156 549
505 810
215 199
492 189
689 583
698 969
338 110
497 456
336 884
669 559
226 815
103 394
192 303
206 551
426 83
554 232
278 280
766 381
830 868
117 369
329 718
153 228
136 232
344 529
75 103
688 664
862 58
820 399
999 274
80 517
921 553
785 527
173 38
785 710
439 223
841 760
999 56
71 854
218 36
995 567
384 728
805 443
975 280
793 899
664 965
701 238
768 836
394 935
602 29
73 357
890 9
520 139
877 733
741 313
256 831
27 266
974 479
275 297
790 928
812 469
92 639
718 708
631 331
507 567
459 485
631 331
480 610
881 648
202 910
243 589
674 180
191 155
157 867
146 72
212 323
310 519
92 49
106 599
622 151
964 137
706 431
18 86
23 817
61 960
814 235
912 576
808 745
880 128
309 893
955 601
127 960
126 288
534 42
330 565
605 279
478 956
133 147
51 295
249 63
836 116
849 915
572 691
746 62
125 147
638 117
798 165
641 976
741 616
124 419
109 711
893 108
401 632
134 936
570 847
100 419
389 986
579 183
609 494
257 380
367 2
952 122
26 490
72 147
506 175
165 76
724 893
476 205
492 141
931 359
670 76
738 901
544 276
341 990
196 297
859 283
453 319
892 212
16 290
654 656
254 933
24 92
710 111
99 707
920 292
582 303
775 536
769 95
535 289
301 153
0 397
754 298
336 89
928 788
168 955
138 327
616 995
903 644
629 886
187 229
492 723
974 609
31 530
323 63
231 160
460 672
706 464
588 594
912 367
365 970
905 631
955 393
169 295
137 163
830 648
146 492
425 139
827 212
371 737
903 205
915 323
418 874
565 996
531 210
716 275
108 669
907 141
755 726
665 66
822 338
155 351
834 392
38 380
229 769
758 127
533 634
272 113
608 344
543 95
125 595
925 836
659 822
183 525
401 605
959 677
726 648
4 89
322 696
132 583
564 728
173 347
917 30
97 162
60 689
936 387
204 372
122 66
52 388
693 39
205 951
83 790
377 830
264 712
129 349
307 714
584 792
859 493
743 784
124 934
336 309
761 942
511 38
764 885
221 120
956 922
463 324
175 671
439 412
384 283
993 398
410 111
337 993
614 645
379 928
961 725
667 326
594 282
6 497
482 45
632 489
53 560
919 459
80 182
872 945
300 545
401 604
90 172
7 317
494 331
713 600
625 199
812 954
34 910
169 60
317 594
116 296
247 625
765 732
521 253
4 469
739 228
985 62
242 899
74 73
813 63
777 413
308 84
365 361
938 778
855 144
181 948
104 597
899 467
946 624
88 178
228 354
221 507
129 813
331 587
619 832
904 33
587 786
537 708
285 812
953 286
674 108
625 355
94 703
625 119
548 95
549 783
302 685
755 542
665 769
764 435
320 648
434 649
144 613
785 696
364 523
216 818
450 953
378 664
645 487
296 365
180 672
81 795
51 881
373 941
641 249
590 173
922 673
248 535
126 894
931 806
458 805
423 974
453 86
807 249
453 540
344 437
131 596
732 470
364 76
666 992
553 982
961 896
2 244
61 300
199 38
960 95
255 154
525 34
940 20
689 392
742 15
923 552
671 442
957 200
495 198
483 503
650 567
508 764
502 329
303 230
705 629
800 756
579 700
266 494
79 211
671 435
640 855
742 68
522 499
853 673
534 736
927 195
90 13
199 537
664 311
662 831
510 586
482 507
14 984
647 834
790 754
810 788
571 493
308 635
850 926
459 177
400 898
127 271
18 807
180 903
863 821
923 542
620 438
982 649
816 750
692 617
210 225
337 385
23 811
74 756
809 600
384 683
844 613
771 862
27 998
232 608
2 906
822 0
29 236
381 589
1 851
448 945
153 820
589 778
621 142
363 197
997 894
483 884
452 397
802 785
923 135
782 651
355 932
886 105
712 116
703 188
722 263
988 290
421 780
78 944
283 619
445 864
464 611
645 780
407 400
652 609
268 304
892 815
25 805
204 176
324 200
843 927
425 796
408 308
260 608
723 645
298 449
152 14
777 368
774 980
957 959
315 846
996 194
338 909
484 36
351 638
507 903
338 238
695 704
595 597
904 410
317 966
251 58
341 774
880 915
573 43
718 555
572 183
333 94
465 765
964 193
928 91
348 241
131 112
645 229
925 864
496 121
59 254
860 85
356 449
237 766
227 626
370 651
162 645
414 586
793 934
601 988
559 310
151 62
343 566
754 826
567 523
931 277
558 570
143 850
868 982
760 103
487 337
425 926
683 199
126 624
785 833
827 885
427 408
436 46
430 871
101 398
481 326
323 478
293 77
483 657
502 494
809 640
586 879
995 510
687 686
39 758
473 829
442 260
668 440
403 473
559 299
832 435
114 692
231 421
689 794
791 441
745 919
960 908
91 514
24 353
519 70
704 83
603 777
311 871
515 919
773 12
771 864
690 951
475 183
895 42
274 461
653 990
270 622
5 177
747 730
289 857
83 542
585 546
20 476
128 268
688 864
408 48
977 877
714 852
291 584
75 870
519 842
644 182
845 956
953 390
937 934
396 726
2 688
666 195
287 917
190 608
930 317
925 800
802 106
82 218
619 589
443 390
465 105
12 696
957 265
26 347
454 118
554 431
228 387
379 493
530 340
394 810
10 652
157 891
205 999
801 609
771 495
655 349
399 331
301 853
654 188
361 30
730 954
36 549
667 351
836 738
821 131
930 311
719 274
614 220
91 152
407 431
82 280
584 118
946 916
119 967
242 290
383 866
604 831
480 892
548 623
902 245
641 539
592 564
642 388
25 649
467 455
108 355
376 210
548 212
137 254
442 441
278 461
658 190
557 134
824 618
130 38
351 751
342 337
538 53
851 698
639 150
518 695
640 829
574 721
84 875
181 642
78 514
885 368
508 14
940 793
139 505
923 39
712 126
683 774
226 480
977 691
311 268
836 760
340 475
548 885
177 53
621 33
667 459
205 162
700 875
586 713
24 593
463 977
730 156
65 969
479 151
141 648
952 993
652 641
374 751
497 335
25 136
482 251
681 74
102 483
217 755
359 741
449 290
311 997
59 607
63 451
416 433
790 337
388 838
71 507
743 248
342 959
581 38
124 759
425 64
537 765
725 624
138 366
749 69
51 730
877 465
126 155
527 525
556 85
658 228
140 165
48 86
330 668
942 46
850 430
801 429
421 693
639 896
371 948
20 232
290 601
270 929
109 890
363 997
705 476
18 569
12 832
487 753
198 399
955 503
301 311
547 770
996 518
55 437
915 684
262 58
429 879
312 408
509 248
612 119
915 183
172 595
14 568
557 343
706 131
683 555
828 749
229 206
755 861
821 301
570 394
771 572
355 179
290 796
998 974
722 878
730 677
808 719
883 917
123 253
173 401
872 257
656 632
249 53
220 466
465 832
7 464
443 640
749 677
708 855
351 7
277 944
183 338
830 340
459 783
344 137
640 233
17 850
416 281
837 76
167 227
195 840
771 760
6 781
314 365
749 488
521 475
694 230
794 368
54 769
293 519
283 490
706 299
758 478
613 394
595 619
932 408
275 188
581 281
788 772
547 755
815 8
99 874
219 672
410 254
816 959
505 672
534 647
228 156
23 730
159 745
418 417
569 685
809 858
798 948
182 807
432 902
825 765
854 533
165 628
136 501
132 252
697 692
520 382
853 308
420 648
909 79
802 413
465 475
726 925
958 902
178 929
976 763
307 538
425 29
980 642
331 628
235 578
570 958
801 518
486 463
237 110
56 268
611 238
258 877
328 441
700 713
601 745
516 359
613 186
325 705
873 128
380 747
803 894
471 61
1 520
822 861
282 371
967 449
469 484
845 620
672 38
840 790
876 864
571 97
472 302
778 593
722 134
994 907
269 478
918 922
40 69
46 614
507 823
419 86
904 885
913 71
31 340
603 29
721 804
526 561
594 772
343 516
937 156
838 28
210 908
71 180
974 363
902 704
152 154
827 594
276 466
406 471
355 875
317 117
994 606
484 672
676 622
524 323
757 906
367 973
720 590
499 36
691 980
389 830
602 420
480 485
241 395
62 771
582 235
253 767
846 455
342 62
94 402
467 885
557 81
598 710
345 302
874 714
143 246
532 254
223 741
841 529
55 360
871 492
863 844
556 178
796 54
252 234
209 570
185 331
11 823
35 384
76 650
811 461
882 475
146 721
369 301
783 443
342 962
385 633
797 726
778 647
662 786
157 333
827 573
873 349
390 958
205 11
120 540
334 550
525 889
304 542
302 189
818 349
791 551
877 531
434 201
878 421
395 253
25 911
974 66
360 346
30 60
429 550
135 243
805 972
54 698
333 741
40 251
329 15
152 393
947 930
573 494
456 541
11 38
81 159
889 163
121 291
403 923
50 834
528 631
294 583
519 93
354 984
813 240
645 270
778 517
146 123
926 607
985 405
822 213
341 183
259 175
802 249
741 567
901 640
851 193
745 178
566 36
47 437
535 874
197 880
390 317
890 906
957 938
649 65
44 778
76 438
990 247
387 264
948 628
944 38
511 936
677 809
43 844
333 488
594 562
3 902
549 297
810 329
199 183
189 252
583 270
969 608
110 314
456 103
884 73
559 193
815 900
394 290
303 294
551 643
83 74
232 463
280 66
381 410
868 941
369 109
718 976
228 741
232 905
529 117
103 295
664 305
58 270
399 141
274 74
517 676
553 834
527 677
38 103
710 763
223 677
760 997
56 593
854 181
36 339
567 180
728 630
443 638
280 486
899 562
965 121
238 269
836 57
935 335
29 65
357 70
9 38
139 258
733 456
313 873
831 497
266 539
479 53
297 592
928 707
469 737
639 707
708 629
331 752
567 981
485 248
331 65682
610 769
648 685
910 310
589 823
180 962
155 181
867 96
72 190
323 834
519 511
49 100
599 414
151 71
137 587
431 103
86 333
817 750
960 539
235 408
576 712
745 897
128 38
893 444
601 678
960 470
288 622
42 322
565 564
279 45
956 195
147 653
295 755
63 214
116 934
915 605
691 344
62 544
147 519
117 533
165 172
976 171
616 535
419 302
711 50
108 327
632 287
936 107
847 547
419 443
986 927
183 148
494 317
380 247
2 464
122 324
490 999
147 754
175 387
76 346
893 903
205 254
141 24
359 307
76 548
901 862
276 592
990 215
297 860
283 871
319 586
212 839
290 208
656 180
933 954
92 894
111 19
707 912
292 437
303 997
536 319
95 808
289 174
153 204
397 232
298 726
89 237
788 240
955 638
327 159
995 419
644 448
886 15
229 838
723 967
609 983
530 211
63 832
160 796
672 957
464 407
594 805
367 176
970 982
631 155
393 621
295 606
163 577
648 299
492 785
139 693
212 906
737 601
205 469
323 983
874 73
996 457
210 853
275 572
669 120
141 412
726 173
66 980
338 449
351 534
392 183
380 336
769 470
127 657
634 169
113 674
344 287
95 943
595 292
836 464
822 80
525 555
605 639
677 949
648 832
89 177
696 217
583 560
728 748
347 34
30 131
162 443
689 401
387 681
372 532
66 837
388 45
39 288
951 594
790 24
830 327
712 940
349 520
714 364
792 642
493 180
784 3
934 506
309 278
942 46
38 427
885 10
120 871
922 802
324 760
671 358
412 364
283 326
398 939
111 693
993 121
645 568
928 648
725 721
326 918
282 671
497 819
45 16
489 174
560 82
459 608
182 47
945 441
545 863
604 233
172 362
317 522
331 694
600 148
199 885
954 617
910 211
60 691
594 991
296 474
625 904
732 594
253 58
469 188
228 336
62 452
899 364
73 475
63 77
413 30
84 904
361 271
778 347
144 83
948 246
597 51
467 763
624 318
178 231
354 767
507 553
813 323
587 562
832 750
33 262
786 270
708 90
812 608
286 14
108 410
355 734
703 857
119 483
95 900
783 119
685 705
542 881
769 486
435 229
648 410
649 816
613 597
696 163
523 189
818 709
953 610
664 278
487 373
365 377
672 908
795 378
881 129
941 409
249 637
173 277
673 119
535 796
894 417
806 250
805 940
974 416
86 530
249 879
540 909
437 317
596 591
470 303
76 465
992 16
982 80
896 561
244 372
300 354
38 355
95 351
154 86
34 678
20 538
392 944
15 914
552 662
442 947
200 135
198 504
503 143
567 175
764 505
329 499
230 593
629 251
756 875
700 452
494 528
211 682
435 754
855 365
68 565
499 657
673 449
736 870
195 949
13 426
537 247
311 427
831 945
586 394
507 638
984 692
834 557
754 691
788 997
493 604
635 434
926 386
177 534
898 251
271 387
807 321
903 792
821 916
542 331
438 822
649 95
750 64
617 310
225 43
385 536
811 809
756 468
600 244
683 781
613 703
862 969
998 564
608 559
906 558
0 463
236 721
589 111
851 886
945 962
820 667
778 571
142 754
197 123
894 793
884 759
397 346
785 158
135 76
651 66138
932 778
105 308
116 25
188 421
263 848
290 874
780 707
944 15
619 513
864 416
611 112
780 908
400 132
609 515
304 455
815 153
805 830
176 627
200 888
927 938
796 933
308 198
608 524
645 884
449 293
14 83
368 888
980 843
959 614
846 87
194 287
909 549
36 339
638 436
903 677
238 981
704 492
597 645
410 156
966 137
58 830
774 187
915 635
43 53
555 942
183 370
94 302
765 457
193 774
91 672
241 975
112 943
229 415
864 397
121 839
254 995
85 513
449 240
766 433
626 797
651 886
645 954
586 331
934 241
988 241
310 440
62 288
566 69
826 501
523 718
277 462
570 726
850 404
982 343
103 56
337 764
926 97
199 269
624 661
833 273
885 926
408 927
46 391
871 182
398 151
326 574
478 885
77 558
657 229
494 32
640 329
879 489
510 956
686 229
758 259
829 507
260 941
440 596
473 468
299 498
435 405
692 871
421 396
794 91
441 611
919 611
908 141
514 686
353 630
70 961
83 734
777 957
871 421
919 591
12 273
864 529
951 557
183 960
42 156
461 525
990 199
622 832
177 716
730 897
857 544
542 577
546 333
476 777
268 295
864 808
48 267
877 387
852 698
584 177
870 501
842 661
182 665
956 199
390 685
934 572
726 449
688 869
195 945
917 878
608 514
317 824
800 789
106 249
218 402
589 73
390 406
105 593
696 240
265 128
347 88
118 150
431 282
387 612
493 98
340 75
810 751
652 893
891 349
999 889
609 573
495 882
349 720
331 786
853 109
188 251
30 375
954 975
549 842
351 800
738 31
131 482
311 774
274 560
220 795
152 684
431 604
280 819
118 467
916 769
967 551
290 952
866 399
831 687
892 650
623 105
245 552
539 42
564 838
388 513
649 688
455 843
355 679
210 549
212 845
254 204
441 567
461 528
190 355
134 294
618 785
38 949
751 415
337 835
53 223
698 425
150 460
695 636
829 701
721 718
875 625
642 516
514 716
368 257
14 913
793 868
505 48
39 669
126 9
774 469
480 234
691 182
268 182
760 169
475 439
885 655
53 53
33 34
459 815
162 405
875 81
713 81
593 799
977 353
156 369
969 152
151 199
648 890
993 103
641 680
751 845
335 672
136 482
251 613
74 704
483 146
755 44
741 669
290 189
997 537
607 933
451 460
433 469
337 99
838 342
507 707
248 197
959 298
38 903
759 12
64 478
765 410
624 394
366 736
69 859
730 974
465 549
155 34
525 189
85 579
228 196
165 617
86 802
668 971
46 253
430 753
429 561
693 804
896 594
948 682
232 240
601 94
929 170
890 576
997 991
476 313
569 296
832 377
753 450
399 421
503 339
311 491
770 331
518 919
437 285
684 43
58 253
879 83
408 692
248 391
119 66
183 964
595 523
568 557
343 726
131 518
555 842
749 714
206 257
861 29
301 978
394 884
572 913
179 571
796 418
974 919
878 326
677 950
719 557
917 20
253 773
401 120
257 385
632 974
53 766
466 925
832 594
464 403
640 189
677 408
855 989
7 361
944 780
338 134
340 789
783 230
137 688
233 65
850 465
281 191
76 607
227 311
840 460
760 866
781 609
365 353
488 756
475 283
230 156
368 828
769 252
519 787
490 126
299 875
478 986
394 581
619 791
408 107
188 313
281 367
772 956
755 221
8 944
874 855
672 741
254 328
959 81
672 51
647 536
156 285
730 491
745 728
417 348
685 449
858 992
948 604
807 806
902 438
765 648
533 308
628 544
501 378
252 125
692 286
382 621
308 247
648 701
79 280
413 799
475 689
925 283
902 336
929 993
763 715
538 445
29 241
642 132
628 170
578 335
958 517
518 342
463 697
110 439
268 485
238 759
877 395
441 71
713 690
745 138
359 444
186 711
705 16
128 866
747 113
894 840
61 670
520 219
861 483
371 706
449 191
484 564
620 584
38 726
790 860
864 892
97 465
302 765
593 432
134 594
907 597
478 871
922 738
69 259
614 205
823 141
86 543
885 576
71 486
340 648
29 869
804 621
561 602
772 103
516 817
156 955
28 463
908 374
180 546
363 494
704 911
154 793
594 51
466 712
471 782
875 484
117 573
606 789
672 127
622 327
323 563
906 845
973 768
590 626
36 980
980 286
830 97
420 349
485 61
395 383
771 137
235 987
767 196
455 117
62 529
402 210
885 430
81 722
710 246
302 621
714 66
246 713
254 475
741 907
529 979
360 19
492 429
844 317
178 26
54 45
234 278
570 635
331 546
823 759
384 619
650 687
461 122
475 111
721 509
301 200
443 815
962 844
633 220
726 273
647 183
786 108
333 991
573 960
349 799
958 463
11 589
540 327
550 70
889 913
542 40
189 606
349 944
551 107
531 284
201 295
421 619
253 331
911 340
66 345
346 981
60 55
550 774
243 222
972 661
698 270
741 962
251 909
15 269
393 80
930 383
494 1
541 655
38 993
159 606
163 431
291 413
923 90
834 541
631 156
583 478
93 591
984 317
240 300
270 832
517 522
123 492
607 412
405 905
213 935
183 123
175 730
249 317
567 606
640 705
193 320
178 475
36 380
437 127
874 844
880 968
317 754
906 499
938 891
65 586
778 20
438 373
247 625
264 446
628 667
38 300
936 82
809 131
844 92
488 634
562 549
902 381
297 119
329 43
183 507
252 515
270 833
608 819
314 677
103 153
73 130
193 37
900 915
290 830
294 512
643 525
74 526
463 71
66 986
410 214
941 439
109 338
976 286
741 140
905 85
117 620
295 107
305 380
270 3
141 716
74 143
676 703
834 295
677 174
103 443
763 83
677 805
997 769
593 314
181 234
339 458
180 169
630 501
638 473
486 97
562 837
121 50
269 290
57 785
335 890
65 441
70 402
38 829
258 119
456 573
873 676
497 43
539 878
53 473
592 212
707 662
737 537
707 553
629 621
752 564
981 483
248 116
65682 140
769 912
685 531
310 49
823 794
962 729
181 965
96 438
190 637
834 801
511 761
100 530
414 480
71 375
587 585
103 701
333 479
750 94
539 519
408 747
712 596
897 580
38 709
444 141
678 77
470 723
622 283
322 816
564 867
45 835
195 893
653 916
755 588
214 822
934 890
605 398
344 306
544 531
519 990
533 814
172 580
171 480
535 105
302 230
50 432
327 469
287 504
107 547
547 417
443 284
927 288
148 132
317 158
247 520
464 712
324 637
999 163
754 25
387 278
346 364
903 675
254 234
24 421
307 606
548 709
862 497
592 962
215 215
860 843
871 116
586 423
839 904
208 492
180 310
954 60
894 170
19 469
912 897
437 24
997 294
319 237
808 594
174 668
204 947
232 998
726 167
237 879
240 852
638 364
159 410
419 961
448 702
15 46
838 736
967 405
983 133
211 524
832 947
796 242
957 779
407 320
805 364
176 372
982 30
155 918
621 67
606 197
577 413
299 418
785 820
693 32
906 390
601 33
469 492
983 557
73 627
457 167
853 416
572 192
120 976
412 408
173 303
980 505
449 711
534 31
183 947
336 13
470 628
657 186
169 108
674 780
287 9
943 819
292 708
464 105
80 219
555 520
639 68
949 694
832 251
177 477
217 830
560 157
748 358
34 133
131 457
443 607
401 718
681 181
532 208
837 961
45 719
288 409
594 131
24 882
327 962
940 508
520 764
364 815
642 598
180 724
3 20
506 583
278 282
46 387
427 308
10 847
871 244
802 616
760 452
358 735
364 205
326 340
939 167
693 883
121 562
568 502
648 629
721 259
918 196
671 200
819 983
16 468
174 297
82 383
608 807
47 229
441 146
863 582
233 573
362 570
522 739
694 636
148 771
885 268
617 766
211 609
691 795
991 303
474 816
904 877
594 91
58 882
188 921
336 74
452 640
364 627
475 120
77 293
30 288
904 553
271 726
347 0
83 494
246 376
51 543
763 963
318 89
231 296
767 636
553 46
323 374
562 886
750 899
262 265
270 370
90 834
608 549
14 220
410 649
734 791
857 191
483 664
900 938
119 846
705 897
881 892
486 440
229 956
410 538
816 576
597 866
163 143
189 747
709 510
610 947
278 197
373 207
377 700
908 892
378 221
129 586
409 235
637 85
277 524
119 239
796 875
417 208
250 593
940 31
416 805
530 966
879 553
909 777
317 183
591 327
303 420
465 549
16 92
80 911
561 286
372 936
354 273
355 947
351 839
86 387
678 969
538 632
944 595
914 123
662 690
947 509
135 755
504 371
143 174
175 172
505 322
499 837
593 42
251 525
875 313
452 533
528 330
682 995
754 908
365 135
565 492
657 748
449 83
870 139
949 121
426 245
247 953
427 352
945 919
394 964
638 296
692 390
557 73
691 453
997 83
604 507
434 485
386 317
534 802
251 679
387 733
321 322
792 810
916 392
331 263
822 177
95 75
64 454
310 149
43 62
536 328
809 904
468 798
244 768
781 395
703 317
969 275
564 19
559 606
558 140
463 434
721 964
111 786
886 885
962 599
667 464
571 324
754 725
123 718
793 845
759 115
346 118
158 170
76 535
66138 596
778 213
308 417
25 941
421 110
848 882
874 461
707 185
15 134
513 876
416 693
112 876
908 300
132 114
515 770
455 424
153 812
830 803
627 891
888 379
938 270
933 847
198 937
524 339
884 830
293 995
83 636
888 540
843 61
614 609
87 356
287 428
549 902
339 765
436 464
677 904
981 34
492 218
645 155
156 692
137 797
830 227
187 618
635 639
53 358
942 642
370 804
302 523
457 229
774 441
672 26
975 251
943 636
415 401
397 365
839 498
995 684
513 407
240 627
433 928
797 759
886 779
954 767
331 874
241 593
241 285
440 842
288 312
69 13
501 661
718 829
462 405
726 982
404 931
343 545
56 50
764 470
97 353
269 351
661 3
273 690
926 388
927 336
391 153
182 996
151 847
574 214
885 606
558 472
229 47
32 784
329 316
489 24
956 848
229 474
259 503
507 624
941 606
596 379
468 790
498 971
405 333
871 462
396 430
91 780
611 306
611 162
141 399
686 709
630 952
961 642
734 973
957 539
421 420
591 893
273 16
529 56
557 121
960 174
156 52
525 496
199 421
832 541
716 514
897 244
544 282
577 781
333 629
777 475
295 541
808 988
267 702
387 876
698 906
177 302
501 961
661 949
665 567
199 978
685 653
572 623
449 149
869 868
945 464
878 279
514 74
824 593
789 265
249 791
402 81
73 918
406 884
593 971
240 80
128 809
88 889
150 108
282 489
612 70
98 781
75 304
751 818
893 60
349 663
889 896
573 197
882 214
720 933
786 129
109 456
251 562
375 605
975 396
842 470
800 373
31 428
482 566
774 501
560 21
795 938
684 561
604 270
819 501
467 228
769 497
551 888
952 349
399 961
687 455
650 189
105 879
552 798
42 425
838 547
513 67
688 138
843 352
679 708
549 444
845 202
204 113
567 263
528 401
355 197
294 525
785 133
949 349
415 897
835 905
223 541
425 607
460 693
636 110
701 616
718 827
625 366
516 290
716 629
257 839
913 98
868 509
48 23
669 591
9 208
469 301
234 226
182 938
182 741
169 411
439 25
655 322
53 240
34 308
815 731
405 599
81 759
81 656
799 201
353 605
369 56
152 646
199 346
890 169
103 570
680 567
845 896
672 953
482 193
613 950
704 704
146 273
44 589
669 111
189 245
537 974
933 851
460 245
469 966
99 607
342 938
707 625
197 115
298 863
903 368
12 506
478 148
410 573
394 3
736 56
859 123
974 868
549 240
34 831
189 453
579 371
196 991
617 907
802 500
971 549
253 989
753 462
561 360
804 330
594 33
682 179
240 729
94 877
170 719
576 183
991 263
313 236
296 344
377 931
450 563
421 395
339 56
491 347
331 259
919 961
285 487
43 138
253 425
83 946
692 97
391 812
66 549
964 795
523 230
557 490
726 974
518 137
842 650
714 425
257 997
29 539
978 718
884 323
913 963
571 371
418 957
919 197
326 693
950 64
557 424
20 879
773 103
120 167
385 626
974 160
766 119
925 717
594 389
403 399
189 325
408 799
989 195
361 91
780 938
134 875
789 246
230 828
688 478
65 924
465 457
191 287
607 863
311 42
460 12
866 998
609 353
353 304
756 788
283 982
156 753
828 948
252 793
787 871
126 321
875 274
986 318
581 816
791 936
107 409
313 572
367 256
956 119
221 4
944 719
855 326
741 540
328 890
81 775
51 514
536 786
285 663
491 537
728 185
348 895
449 369
992 668
604 45
806 621
438 444
648 588
308 850
544 322
378 662
125 914
286 995
621 184
247 196
701 450
280 107
799 534
689 291
283 444
336 740
993 21
715 752
445 236
241 20
132 892
170 808
335 778
517 291
342 60
697 560
439 706
485 566
759 572
395 431
71 589
690 918
138 174
444 943
711 582
16 266
866 128
113 296
840 406
670 649
219 813
483 797
706 496
191 977
564 121
584 165
726 102
860 964
892 329
465 387
765 394
432 525
594 680
597 678
871 758
738 287
259 75
205 369
141 93
543 30
576 294
486 756
648 527
869 691
621 732
602 802
103 681
817 5
955 284
463 625
374 498
546 155
494 406
911 326
793 543
51 683
712 58
782 286
484 488
573 958
789 490
127 333
327 529
563 113
845 442
768 699
626 907
980 478
286 759
97 298
349 208
61 329
383 78
137 489
987 618
196 588
117 936
529 172
210 573
430 299
722 517
246 274
621 272
66 448
713 549
475 109
907 528
979 632
19 248
429 222
317 164
26 140
45 800
278 167
635 290
546 673
759 98
619 151
687 497
122 993
111 121
509 633
200 485
815 528
844 322
220 925
273 615
183 679
108 273
991 53
960 170
799 692
463 938
589 713
327 727
70 544
913 745
40 396
606 73
944 384
107 52
284 693
295 74
619 5
331 475
340 384
345 780
981 708
55 718
774 234
222 721
661 806
270 87
962 280
909 667
269 609
80 812
383 208
1 653
655 422
993 151
606 598
431 464
413 881
90 46
541 336
156 711
478 916
591 43
317 51
300 116
832 347
522 908
492 36
412 312
905 969
935 44
123 256
730 647
317 338
606 456
705 533
320 81
475 280
380 435
127 294
844 419
968 942
754 643
499 98
891 252
586 656
20 58
373 38
625 296
446 945
667 182
300 150
82 456
131 578
92 713
634 784
549 512
381 546
119 178
43 970
507 56
515 529
833 490
819 511
677 459
153 68
130 383
37 942
915 771
830 924
512 557
525 347
526 252
71 743
986 368
214 44
439 548
338 605
286 99
140 61
85 425
620 812
107 612
380 244
3 43
716 468
143 573
703 461
295 965
174 388
443 533
83 599
805 633
769 868
314 341
234 958
458 633
169 16
501 884
473 47
97 831
837 332
50 763
290 959
785 829
890 842
441 617
402 37
829 526
119 573
573 297
676 131
43 227
878 562
473 911
212 393
662 471
537 906
553 590
621 561
564 564
483 665
116 797
140 876
912 987
531 714
49 45
794 324
729 736
965 224
438 797
637 512
801 915
761 14
530 447
480 339
375 433
585 225
701 408
479 989
94 89
519 785
747 524
596 168
580 695
709 124
141 575
77 452
723 588
283 290
816 117
867 717
835 12
893 553
916 715
588 136
822 446
890 251
398 667
306 417
531 952
990 812
814 508
580 65
480 332
105 384
230 238
432 189
469 491
504 140
547 196
417 989
284 312
288 36
132 173
158 436
520 576
712 484
637 200
163 626
25 942
278 888
364 165
675 77
234 573
421 867
606 187
709 207
497 654
962 197
215 81
843 514
116 856
423 702
904 936
492 494
310 734
60 864
170 147
469 856
897 62
24 35
294 362
237 146
594 705
668 297